0 0.118548 0.351683 0.117742 0.027952
0 0.120161 0.231318 0.119355 0.029093
0 0.118548 0.109812 0.116129 0.027952
1 0.116129 0.591843 0.132258 0.040502
0 0.118548 0.413292 0.116129 0.027952
0 0.120161 0.170850 0.117742 0.029093
1 0.116129 0.533657 0.133871 0.040502
1 0.116129 0.836281 0.133871 0.038791
0 0.118548 0.292071 0.117742 0.027382
0 0.120161 0.474330 0.120968 0.027952
1 0.116532 0.775528 0.137903 0.039361
1 0.113306 0.654022 0.133065 0.041643
1 0.114516 0.713919 0.135484 0.040502
2 0.118952 0.897319 0.144355 0.045636
