0 0.118548 0.412151 0.117742 0.029093
1 0.116532 0.835140 0.133065 0.038791
0 0.118145 0.472904 0.121774 0.029663
0 0.120161 0.352539 0.117742 0.028523
1 0.113306 0.108386 0.133065 0.039932
0 0.120161 0.231318 0.119355 0.029093
0 0.116935 0.594695 0.120968 0.029093
0 0.116935 0.533942 0.120968 0.030804
0 0.118548 0.170565 0.117742 0.026241
1 0.116935 0.776954 0.133871 0.038791
0 0.116532 0.655163 0.120161 0.029093
0 0.120161 0.293212 0.117742 0.028523
0 0.116532 0.897319 0.113710 0.022818
0 0.116532 0.716201 0.121774 0.026811
