3 0.722177 0.563818 0.141129 0.050712
3 0.718548 0.183761 0.127419 0.055271
3 0.718548 0.086610 0.127419 0.054701
3 0.719758 0.278063 0.142742 0.049003
3 0.720161 0.372650 0.129032 0.055840
3 0.721774 0.506268 0.127419 0.056410
3 0.719758 0.860969 0.125000 0.055840
0 0.723790 0.429060 0.141129 0.017094
0 0.716935 0.125926 0.135484 0.017094
0 0.720161 0.144160 0.133871 0.011396
0 0.721774 0.240741 0.133871 0.013105
0 0.721774 0.221368 0.135484 0.015385
0 0.720161 0.312821 0.135484 0.011396
0 0.721774 0.333048 0.135484 0.015385
0 0.723790 0.409972 0.142742 0.011966
0 0.721774 0.449573 0.135484 0.012536
0 0.723790 0.466667 0.137903 0.012536
3 0.720161 0.678063 0.145161 0.049003
0 0.721774 0.601425 0.138710 0.011966
2 0.719758 0.623932 0.142742 0.021652
0 0.720161 0.640456 0.148387 0.013675
3 0.718145 0.961538 0.139516 0.064387
0 0.720161 0.918234 0.137097 0.019943
0 0.720161 0.901140 0.135484 0.019943
0 0.718548 0.713960 0.133871 0.015954
0 0.718548 0.732479 0.129032 0.013105
0 0.716532 0.749573 0.129839 0.013105
0 0.720161 0.767806 0.130645 0.015385
0 0.716935 0.784900 0.132258 0.013105
0 0.716532 0.803989 0.128226 0.014815
0 0.720161 0.823647 0.130645 0.013105
