1 0.114516 0.471763 0.133871 0.041072
0 0.116532 0.655163 0.121774 0.029093
0 0.118145 0.716201 0.121774 0.029093
1 0.114919 0.169139 0.134677 0.040502
0 0.118548 0.837707 0.117742 0.027952
0 0.116935 0.109812 0.114516 0.024529
0 0.116532 0.594695 0.121774 0.029093
0 0.118145 0.778095 0.120161 0.028523
0 0.118548 0.897319 0.116129 0.025100
0 0.114919 0.533942 0.118548 0.023959
1 0.113306 0.291786 0.134677 0.041643
1 0.116532 0.231318 0.136290 0.054193
1 0.114919 0.354250 0.144355 0.049059
1 0.112903 0.408728 0.137097 0.040502
