3 0.303226 0.146724 0.114516 0.048433
3 0.301613 0.323362 0.116129 0.049573
3 0.302823 0.235328 0.113710 0.049003
3 0.301210 0.526781 0.125000 0.043875
3 0.303226 0.409972 0.112903 0.049573
0 0.301613 0.284046 0.117742 0.017664
0 0.301210 0.109972 0.128226 0.015954
0 0.299597 0.462963 0.120161 0.014245
0 0.303226 0.186895 0.111290 0.015954
0 0.302823 0.109687 0.129839 0.015385
0 0.303226 0.921368 0.116129 0.014815
0 0.305242 0.059544 0.125000 0.013105
0 0.306855 0.078348 0.128226 0.011966
0 0.305242 0.201425 0.125000 0.011966
0 0.302823 0.269801 0.123387 0.013105
0 0.303226 0.355271 0.129032 0.015385
0 0.304839 0.375214 0.120968 0.010826
0 0.301210 0.444444 0.121774 0.015954
0 0.305242 0.480057 0.125000 0.014245
0 0.305242 0.492308 0.125000 0.012536
0 0.301210 0.906838 0.128226 0.014245
0 0.305242 0.558120 0.125000 0.015385
0 0.304839 0.578063 0.132258 0.015385
0 0.302823 0.644160 0.123387 0.011966
0 0.304839 0.660969 0.114516 0.011396
0 0.301613 0.732479 0.117742 0.015385
0 0.303226 0.749573 0.119355 0.013105
0 0.304839 0.818519 0.120968 0.015385
0 0.305242 0.837892 0.126613 0.013105
3 0.302823 0.961254 0.123387 0.047863
3 0.303226 0.872365 0.130645 0.044444
3 0.301613 0.784046 0.114516 0.052422
3 0.305242 0.698006 0.125000 0.050142
3 0.304839 0.612536 0.132258 0.046724
