2 0.883871 0.594695 0.132258 0.042784
1 0.881452 0.836281 0.132258 0.039932
2 0.881452 0.351683 0.132258 0.041643
2 0.883065 0.411295 0.129032 0.044495
0 0.879839 0.169424 0.116129 0.022818
0 0.879839 0.472904 0.116129 0.022818
2 0.887097 0.108671 0.132258 0.040502
2 0.881855 0.714775 0.129839 0.044495
1 0.887500 0.231033 0.147581 0.046777
1 0.881048 0.286366 0.144355 0.046777
1 0.883468 0.530519 0.145968 0.039932
2 0.884274 0.898460 0.157258 0.054763
2 0.884274 0.779806 0.134677 0.045636
1 0.881048 0.653166 0.137903 0.041072
