2 0.165850 0.197761 0.147059 0.028129
1 0.161765 0.642365 0.130719 0.029851
1 0.155637 0.386051 0.134804 0.028129
1 0.154820 0.567451 0.131536 0.028129
1 0.156863 0.237084 0.132353 0.028703
1 0.156863 0.273249 0.133987 0.025258
1 0.157680 0.348450 0.129085 0.024110
0 0.169118 0.794489 0.114379 0.020666
0 0.163807 0.682836 0.115196 0.023536
2 0.162582 0.312285 0.148693 0.027555
0 0.163807 0.759185 0.110294 0.024684
0 0.162173 0.718714 0.129902 0.024110
2 0.163399 0.606487 0.147059 0.025832
2 0.168301 0.421929 0.150327 0.030999
2 0.165850 0.456085 0.155229 0.032721
2 0.165033 0.491963 0.153595 0.035591
2 0.160539 0.531573 0.154412 0.030999
