3 0.691532 0.166667 0.108871 0.047293
3 0.691532 0.498006 0.108871 0.047863
3 0.691532 0.749573 0.108871 0.048433
3 0.691532 0.412821 0.110484 0.049573
3 0.691935 0.666097 0.111290 0.049003
3 0.691532 0.329630 0.110484 0.047293
3 0.691935 0.218234 0.120968 0.043305
3 0.691935 0.832479 0.108065 0.047863
3 0.691532 0.581197 0.112097 0.047863
3 0.691129 0.960969 0.116129 0.041595
1 0.691935 0.060969 0.116129 0.018234
0 0.691935 0.712536 0.116129 0.017664
0 0.691532 0.078348 0.125000 0.016524
3 0.691935 0.121083 0.119355 0.055271
0 0.691129 0.295157 0.116129 0.015954
0 0.691532 0.249858 0.112097 0.013105
0 0.691935 0.264103 0.112903 0.011966
0 0.689516 0.278063 0.117742 0.015954
0 0.691129 0.632764 0.117742 0.013105
0 0.691532 0.615385 0.112097 0.012536
0 0.689516 0.364103 0.114516 0.012536
0 0.689919 0.380627 0.112097 0.012536
0 0.693548 0.447293 0.116129 0.012536
0 0.689919 0.464103 0.118548 0.011966
0 0.689919 0.530769 0.115323 0.009687
0 0.693548 0.546724 0.116129 0.010826
0 0.689516 0.783761 0.112903 0.010826
0 0.691532 0.798575 0.110484 0.009687
0 0.691935 0.698006 0.117742 0.012536
3 0.691532 0.872365 0.123387 0.018234
2 0.693145 0.898006 0.128226 0.013675
0 0.693145 0.912536 0.113710 0.008547
0 0.689516 0.929915 0.112903 0.011396
