3 0.881855 0.284370 0.134677 0.053052
3 0.883468 0.225043 0.129839 0.051911
3 0.883468 0.345123 0.136290 0.052481
3 0.881855 0.587279 0.136290 0.053052
3 0.881452 0.404735 0.138710 0.054193
3 0.879839 0.830006 0.140323 0.053622
3 0.881855 0.889618 0.137903 0.053052
3 0.885484 0.103537 0.133871 0.049629
3 0.883468 0.646606 0.136290 0.054193
3 0.883065 0.705933 0.140323 0.054193
3 0.879839 0.766971 0.138710 0.053052
2 0.884677 0.162293 0.106452 0.062179
2 0.889113 0.473189 0.100806 0.061038
3 0.887500 0.531090 0.141129 0.050200
