1 0.163399 0.759472 0.133987 0.029851
1 0.155637 0.354765 0.136438 0.029851
2 0.169118 0.720149 0.138889 0.026980
1 0.157680 0.316303 0.130719 0.029851
1 0.164216 0.685419 0.130719 0.024110
2 0.163399 0.128588 0.150327 0.025258
2 0.170752 0.648680 0.137255 0.027555
1 0.157680 0.204650 0.135621 0.029277
1 0.160948 0.500861 0.133987 0.030425
1 0.159314 0.465844 0.129085 0.030425
2 0.167484 0.794489 0.138889 0.029851
1 0.163399 0.610505 0.130719 0.028129
0 0.168301 0.576062 0.112745 0.022388
3 0.166667 0.425373 0.142157 0.028703
1 0.156863 0.165040 0.133987 0.029277
2 0.164624 0.425373 0.142974 0.028703
3 0.162990 0.087830 0.116830 0.032147
2 0.165033 0.535017 0.147059 0.036739
2 0.163399 0.389495 0.143791 0.029277
2 0.165033 0.280138 0.143791 0.034443
2 0.161356 0.238519 0.159314 0.031573
