0 0.638710 0.142246 0.303226 0.023375
0 0.637097 0.173318 0.316129 0.041049
0 0.638710 0.205245 0.333871 0.027366
0 0.635081 0.337229 0.320161 0.030217
0 0.633468 0.566990 0.305645 0.029076
0 0.637097 0.605188 0.298387 0.025656
0 0.633468 0.634265 0.316935 0.023375
0 0.645968 0.700969 0.319355 0.022235
0 0.645968 0.772235 0.312903 0.023375
0 0.638710 0.803022 0.301613 0.021095
0 0.631855 0.868586 0.304032 0.029076
0 0.633468 0.901653 0.312097 0.031357
2 0.644355 0.830103 0.351613 0.033067
1 0.628226 0.732041 0.311290 0.044470
1 0.628629 0.527081 0.318548 0.035918
1 0.626210 0.499430 0.321774 0.044470
1 0.624597 0.466363 0.321774 0.039909
1 0.630242 0.366021 0.315323 0.039909
1 0.628226 0.399658 0.327419 0.045610
1 0.619355 0.434436 0.333871 0.038769
2 0.642742 0.664196 0.348387 0.042189
2 0.642742 0.228050 0.348387 0.033067
2 0.638710 0.268244 0.367742 0.041619
2 0.636694 0.301026 0.392742 0.041049
