2 0.385173 0.439852 0.183723 0.042759
2 0.388396 0.323546 0.191781 0.042759
1 0.388799 0.151083 0.179694 0.037628
2 0.386382 0.381699 0.184529 0.041619
2 0.382353 0.208951 0.192587 0.041619
2 0.387188 0.554732 0.189363 0.042189
2 0.386785 0.841790 0.201450 0.042759
2 0.387994 0.726625 0.207091 0.041619
0 0.388799 0.785348 0.166801 0.030217
2 0.384367 0.613455 0.193392 0.041049
0 0.388396 0.902509 0.167607 0.030787
1 0.388396 0.094356 0.183723 0.039339
0 0.387994 0.671038 0.168413 0.030787
0 0.388799 0.268814 0.168413 0.030217
2 0.385576 0.496579 0.187752 0.043330
