1 0.829412 0.429697 0.187451 0.040000
1 0.829412 0.329697 0.187451 0.040000
1 0.831373 0.280000 0.183529 0.040000
1 0.831765 0.130606 0.187451 0.038182
1 0.826667 0.827576 0.178824 0.036970
1 0.831373 0.480000 0.186667 0.040000
1 0.829804 0.230303 0.185098 0.038788
1 0.829412 0.180909 0.182745 0.038182
1 0.829412 0.380000 0.187451 0.040000
1 0.826275 0.728182 0.173333 0.036970
1 0.827059 0.629697 0.179608 0.040000
1 0.829804 0.529697 0.185098 0.040000
0 0.819608 0.779697 0.163137 0.029697
1 0.821961 0.582121 0.164706 0.033333
0 0.821961 0.879697 0.164706 0.029697
0 0.819608 0.680000 0.164706 0.031515
1 0.827059 0.078485 0.178039 0.047879
1 0.819608 0.679697 0.163137 0.032121
