0 0.883468 0.655163 0.123387 0.029093
0 0.881855 0.594695 0.121774 0.030234
0 0.881855 0.716201 0.121774 0.029093
0 0.881452 0.837707 0.117742 0.026811
0 0.880242 0.473474 0.118548 0.025100
0 0.883065 0.533942 0.122581 0.027382
0 0.881452 0.897319 0.116129 0.023959
0 0.881855 0.778380 0.121774 0.029093
2 0.881855 0.417285 0.139516 0.043925
1 0.888306 0.348545 0.129839 0.044495
1 0.885081 0.286366 0.136290 0.039932
1 0.883468 0.227039 0.129839 0.041072
1 0.885887 0.164860 0.128226 0.038791
1 0.884274 0.107245 0.131452 0.038791
