2 0.180000 0.289697 0.200000 0.040000
2 0.178431 0.240909 0.198431 0.038182
2 0.180392 0.338788 0.197647 0.032727
3 0.181176 0.889091 0.191373 0.042424
2 0.180392 0.539697 0.202353 0.036970
2 0.180392 0.688788 0.202353 0.032121
3 0.192941 0.589091 0.156863 0.041212
0 0.178039 0.796667 0.160000 0.026061
0 0.178039 0.846061 0.167843 0.027879
3 0.190588 0.388788 0.152157 0.041818
3 0.192941 0.736970 0.155294 0.038788
1 0.170588 0.940303 0.182745 0.040606
2 0.175686 0.642424 0.202353 0.036364
2 0.178039 0.492121 0.189804 0.042424
2 0.175294 0.447879 0.204706 0.030303
