2 0.371774 0.372292 0.329032 0.072976
2 0.362903 0.108609 0.351613 0.050741
0 0.359274 0.149943 0.310484 0.027366
0 0.356048 0.183295 0.321774 0.027936
0 0.358871 0.212372 0.343548 0.030217
0 0.357258 0.246864 0.333871 0.030787
0 0.355645 0.280217 0.337097 0.032497
0 0.354032 0.316990 0.329032 0.034208
0 0.360887 0.797035 0.313710 0.038769
0 0.360887 0.835804 0.320161 0.022805
0 0.364919 0.869726 0.325000 0.022235
0 0.355645 0.899373 0.330645 0.027936
2 0.364516 0.558723 0.354839 0.031927
3 0.379032 0.517959 0.335484 0.058723
2 0.370161 0.597777 0.364516 0.032497
2 0.358871 0.628278 0.353226 0.034208
2 0.362903 0.694698 0.356452 0.040479
1 0.375403 0.726625 0.362097 0.037058
1 0.371774 0.765108 0.322581 0.033067
0 0.373790 0.667332 0.337903 0.030217
