3 0.533468 0.234959 0.108871 0.071856
0 0.531452 0.680354 0.114516 0.022241
0 0.533065 0.451811 0.121774 0.025948
0 0.531855 0.779013 0.108871 0.019960
3 0.531452 0.523382 0.068548 0.071571
1 0.526613 0.305247 0.092742 0.053322
2 0.536089 0.354577 0.153629 0.034502
2 0.532863 0.390220 0.127016 0.024237
0 0.523589 0.423867 0.135081 0.031081
1 0.522984 0.593100 0.091129 0.057029
1 0.524194 0.645994 0.112097 0.035643
1 0.523589 0.712717 0.103629 0.027659
1 0.527016 0.747505 0.117742 0.035643
1 0.533266 0.812946 0.102016 0.027944
1 0.540726 0.844597 0.141129 0.031366
0 0.537702 0.882806 0.135081 0.023382
