2 0.539315 0.180354 0.163306 0.041916
2 0.540726 0.223553 0.166129 0.037639
3 0.534476 0.277303 0.160081 0.064728
3 0.532863 0.338466 0.152016 0.035358
2 0.533266 0.379527 0.155242 0.035358
2 0.535484 0.421871 0.167742 0.031081
2 0.537298 0.462789 0.172984 0.033077
1 0.539113 0.506273 0.126613 0.041346
1 0.520565 0.549758 0.144355 0.034217
2 0.526613 0.602082 0.101613 0.059025
2 0.532863 0.659253 0.155242 0.037639
3 0.525605 0.714428 0.087500 0.069290
3 0.535484 0.785999 0.116129 0.049330
3 0.526815 0.839607 0.097177 0.047619
2 0.525202 0.882236 0.160081 0.034217
