2 0.565323 0.543770 0.141129 0.045623
2 0.571976 0.348446 0.135081 0.045623
0 0.565121 0.496151 0.128629 0.029085
0 0.559274 0.693042 0.125000 0.025948
0 0.559879 0.890505 0.131855 0.028514
3 0.561895 0.737668 0.135887 0.049045
3 0.568347 0.243656 0.144758 0.033362
1 0.570565 0.401198 0.139516 0.034217
2 0.561895 0.737668 0.134274 0.049045
1 0.571976 0.447534 0.140726 0.035073
2 0.567944 0.244654 0.145565 0.032506
2 0.572984 0.195181 0.144355 0.033932
0 0.562702 0.303964 0.138306 0.029085
2 0.566734 0.597662 0.153629 0.045623
2 0.565323 0.647419 0.146774 0.041916
2 0.561290 0.793413 0.150000 0.039065
2 0.558065 0.845167 0.147581 0.034217
