3 0.563105 0.262903 0.128629 0.034217
0 0.563105 0.574423 0.112500 0.022526
0 0.563710 0.189906 0.105645 0.015968
0 0.561492 0.462218 0.112500 0.021671
0 0.564113 0.495153 0.110484 0.025948
0 0.570565 0.605076 0.107258 0.025093
0 0.557863 0.808954 0.105242 0.023952
0 0.564919 0.221985 0.110484 0.026518
0 0.561694 0.842458 0.098387 0.027659
1 0.564113 0.760622 0.108871 0.064728
3 0.566734 0.671514 0.128629 0.096949
1 0.561089 0.534360 0.128629 0.034217
1 0.570565 0.308098 0.141129 0.035643
0 0.568952 0.344597 0.109677 0.029370
1 0.564315 0.381380 0.121371 0.035643
1 0.564315 0.426148 0.128629 0.031081
