2 0.569355 0.541631 0.142742 0.047619
2 0.572581 0.347591 0.133065 0.046193
0 0.561492 0.691902 0.122984 0.025948
0 0.555847 0.889649 0.119758 0.027944
0 0.564718 0.498717 0.124597 0.026233
0 0.567339 0.303251 0.127419 0.025378
1 0.571573 0.399914 0.142339 0.035643
1 0.572984 0.446393 0.141129 0.035643
2 0.574597 0.196036 0.149194 0.035643
2 0.563710 0.245652 0.145968 0.041346
2 0.568347 0.600371 0.155242 0.031081
2 0.568347 0.644853 0.155242 0.039065
2 0.562702 0.738666 0.135081 0.049900
2 0.559879 0.794126 0.152016 0.037639
2 0.560484 0.844597 0.144355 0.037639
