3 0.881855 0.587447 0.133871 0.054208
3 0.881452 0.646362 0.137097 0.052782
3 0.881452 0.707133 0.136290 0.053923
3 0.881855 0.466049 0.137097 0.055064
3 0.880847 0.768331 0.135887 0.053067
3 0.881250 0.526534 0.134274 0.054494
3 0.882460 0.405849 0.138306 0.053923
3 0.878831 0.346933 0.138306 0.053067
3 0.881048 0.284451 0.133871 0.054779
3 0.881855 0.222825 0.133871 0.054779
2 0.881855 0.102568 0.130645 0.036234
2 0.879234 0.162625 0.131855 0.036519
2 0.880444 0.837518 0.140726 0.044793
2 0.879839 0.891441 0.135484 0.037375
