0 0.879234 0.108702 0.112500 0.022254
2 0.880242 0.533096 0.133871 0.042511
0 0.880444 0.470756 0.115726 0.022254
2 0.881452 0.714836 0.135484 0.043652
0 0.880242 0.412411 0.114516 0.023110
2 0.880242 0.168759 0.132258 0.043652
0 0.880444 0.836662 0.120565 0.025963
1 0.883871 0.349358 0.133871 0.041940
2 0.878226 0.776177 0.141129 0.048217
0 0.880040 0.896719 0.119758 0.025107
1 0.884073 0.651926 0.135887 0.039943
1 0.884073 0.230243 0.134274 0.042225
3 0.885484 0.284023 0.135484 0.055635
3 0.880242 0.589729 0.135484 0.053067
