3 0.322984 0.461528 0.133871 0.038472
3 0.321976 0.312055 0.142339 0.037048
3 0.314113 0.346537 0.141129 0.034768
3 0.321976 0.422913 0.131855 0.034198
2 0.290323 0.644771 0.130645 0.034483
3 0.315323 0.384583 0.139516 0.036763
3 0.325202 0.272015 0.131855 0.032773
3 0.290121 0.573668 0.162500 0.038188
3 0.324194 0.161300 0.170968 0.037048
3 0.293750 0.607581 0.137500 0.029638
3 0.313105 0.199060 0.191532 0.034483
3 0.315121 0.236250 0.196371 0.038188
3 0.303831 0.494443 0.191532 0.034198
3 0.300806 0.534910 0.187097 0.034198
