3 0.558468 0.786285 0.139516 0.041916
3 0.560887 0.198033 0.142742 0.039065
0 0.557863 0.553750 0.121371 0.025663
3 0.553831 0.871400 0.144758 0.027944
3 0.554637 0.423154 0.112500 0.095808
3 0.559476 0.430567 0.102016 0.071286
2 0.560081 0.241660 0.150000 0.028229
0 0.562097 0.586399 0.123387 0.025378
2 0.554234 0.870972 0.144758 0.027659
0 0.549798 0.907756 0.115726 0.027659
0 0.550202 0.317223 0.131855 0.024237
0 0.552218 0.350585 0.145565 0.028229
3 0.559476 0.653407 0.128629 0.094953
1 0.547984 0.735672 0.092742 0.051326
2 0.555847 0.832050 0.161694 0.031936
1 0.561492 0.503992 0.090726 0.057314
2 0.558871 0.283576 0.157258 0.029940
