0 0.308871 0.515247 0.133871 0.026218
0 0.307863 0.368054 0.130242 0.027073
0 0.302823 0.476917 0.145161 0.027643
0 0.314113 0.553292 0.132258 0.025363
0 0.301613 0.438302 0.139516 0.026218
0 0.308065 0.622970 0.142742 0.023368
0 0.311492 0.291109 0.153629 0.026503
0 0.295968 0.663579 0.150806 0.029923
1 0.314718 0.589912 0.163306 0.030208
0 0.300605 0.407808 0.155242 0.026788
1 0.313306 0.330009 0.175000 0.032488
1 0.302218 0.255771 0.185081 0.032203
1 0.303831 0.217583 0.197984 0.032203
1 0.303024 0.178256 0.178629 0.029923
