1 0.883871 0.775036 0.133871 0.039658
1 0.883871 0.592725 0.133871 0.041369
0 0.879234 0.351070 0.121371 0.028816
1 0.886694 0.713267 0.134677 0.039943
1 0.884274 0.653210 0.133871 0.040228
0 0.881452 0.411983 0.121774 0.027960
1 0.883871 0.532525 0.133871 0.039087
0 0.882460 0.837090 0.120565 0.027960
0 0.878226 0.109558 0.116129 0.023395
0 0.878024 0.230100 0.118145 0.024251
2 0.880242 0.169187 0.135484 0.045649
0 0.877621 0.291441 0.121371 0.028816
0 0.880847 0.472468 0.124597 0.027960
0 0.881855 0.895863 0.117742 0.023966
