3 0.881855 0.645934 0.136290 0.053067
3 0.880242 0.587447 0.135484 0.054208
3 0.881452 0.706134 0.135484 0.053067
3 0.880444 0.767190 0.135887 0.053067
3 0.882460 0.224394 0.132661 0.052782
3 0.882460 0.526819 0.135081 0.055635
3 0.881855 0.162340 0.132258 0.054208
2 0.880242 0.411698 0.132258 0.040514
3 0.881048 0.283738 0.135484 0.052782
3 0.885081 0.103852 0.130645 0.049643
2 0.880444 0.472468 0.133468 0.042796
2 0.877621 0.837090 0.135887 0.043937
2 0.886492 0.347504 0.102016 0.057632
3 0.880444 0.894722 0.136694 0.042796
