0 0.295968 0.415930 0.145968 0.025933
3 0.283871 0.706897 0.183871 0.027643
0 0.289516 0.739099 0.150000 0.025363
0 0.295363 0.453691 0.155242 0.027928
0 0.302823 0.379453 0.137097 0.027643
1 0.305847 0.567826 0.167339 0.028783
0 0.295565 0.343973 0.139516 0.025648
2 0.295766 0.603876 0.187500 0.029638
1 0.318952 0.158165 0.166935 0.030208
2 0.303024 0.194785 0.210887 0.032203
1 0.304234 0.232402 0.196371 0.031063
1 0.306855 0.265175 0.179032 0.032203
1 0.296169 0.308492 0.177016 0.029923
1 0.301210 0.640353 0.180645 0.027928
1 0.293347 0.671559 0.193145 0.028783
1 0.284879 0.531633 0.189919 0.031063
1 0.295968 0.491166 0.175806 0.027643
