3 0.881452 0.485739 0.137097 0.054193
0 0.881855 0.794638 0.123387 0.030804
0 0.881855 0.855391 0.121774 0.029093
0 0.881452 0.916144 0.116129 0.026241
1 0.883065 0.306047 0.122581 0.040502
0 0.881855 0.674273 0.123387 0.029663
0 0.881855 0.736167 0.121774 0.029093
0 0.881855 0.613520 0.123387 0.029093
0 0.879839 0.552767 0.120968 0.025100
2 0.879839 0.249002 0.130645 0.042784
3 0.879839 0.249002 0.130645 0.042784
3 0.879839 0.250143 0.130645 0.041643
3 0.879839 0.372790 0.130645 0.042784
3 0.879839 0.249002 0.130645 0.042784
3 0.879839 0.432687 0.135484 0.051911
