1 0.882863 0.834237 0.130242 0.037090
1 0.885484 0.107846 0.135484 0.039943
1 0.887702 0.894294 0.133468 0.037375
0 0.879234 0.776748 0.121371 0.029387
2 0.880242 0.411555 0.133871 0.043652
0 0.880040 0.715692 0.119758 0.027104
1 0.885081 0.651926 0.135484 0.041655
2 0.879234 0.472896 0.137500 0.044793
3 0.885484 0.587304 0.141129 0.055064
1 0.883065 0.531384 0.136290 0.041940
1 0.886492 0.169615 0.137500 0.043652
1 0.885484 0.230100 0.133871 0.039087
1 0.885484 0.349501 0.142742 0.043367
3 0.887702 0.282454 0.139113 0.057632
