2 0.880645 0.228959 0.130645 0.041940
2 0.881452 0.411698 0.133871 0.042796
0 0.880444 0.109130 0.113306 0.024251
0 0.876613 0.169187 0.114516 0.020542
2 0.881250 0.776320 0.137500 0.043367
3 0.881452 0.591013 0.142742 0.049358
2 0.879234 0.472896 0.137500 0.044793
2 0.878226 0.835949 0.141129 0.045649
0 0.880242 0.895578 0.114516 0.022254
1 0.884476 0.712411 0.140726 0.041655
1 0.883065 0.533381 0.136290 0.048217
3 0.883871 0.648645 0.142742 0.053923
1 0.885484 0.348217 0.139516 0.041940
3 0.882863 0.284451 0.134274 0.053067
1 0.883871 0.649501 0.142742 0.053352
