2 0.869811 0.798746 0.135429 0.031357
2 0.874849 0.521380 0.134220 0.033067
0 0.870818 0.563712 0.117291 0.025371
1 0.875857 0.844498 0.135429 0.032782
1 0.867191 0.748290 0.126965 0.031357
0 0.869811 0.605188 0.119307 0.023945
2 0.872834 0.422891 0.135026 0.033352
2 0.871826 0.230901 0.146715 0.030787
0 0.869811 0.272092 0.129786 0.023090
0 0.869811 0.648803 0.120113 0.023945
2 0.870617 0.371009 0.136235 0.032212
1 0.869811 0.316990 0.137042 0.030787
2 0.872834 0.471351 0.138251 0.033922
1 0.866183 0.695981 0.127368 0.035063
