1 0.883871 0.651926 0.132258 0.039943
0 0.879839 0.108702 0.117742 0.027960
2 0.878427 0.835949 0.135887 0.043367
2 0.882460 0.472468 0.132661 0.042796
2 0.880242 0.774893 0.133871 0.041084
0 0.881452 0.716976 0.117742 0.023966
1 0.883065 0.591869 0.135484 0.043652
2 0.880847 0.533381 0.134274 0.044793
0 0.877621 0.290300 0.119758 0.022539
0 0.880242 0.895578 0.114516 0.022254
0 0.877419 0.170471 0.123387 0.025963
1 0.884677 0.347932 0.142742 0.052782
1 0.886089 0.410414 0.141532 0.041940
1 0.883871 0.227960 0.133871 0.041084
