1 0.871020 0.554447 0.125756 0.031927
0 0.869811 0.223347 0.119307 0.021380
2 0.872834 0.313712 0.136638 0.032212
2 0.870818 0.363455 0.134220 0.031927
0 0.870415 0.825542 0.114873 0.025656
0 0.866788 0.598774 0.113261 0.024800
0 0.864369 0.640821 0.110036 0.022805
0 0.867392 0.684151 0.113664 0.023375
0 0.870415 0.868871 0.119710 0.027366
0 0.868601 0.458666 0.121725 0.022805
1 0.868601 0.412486 0.127368 0.032497
0 0.867392 0.265964 0.123337 0.022235
1 0.867392 0.733039 0.122531 0.031072
2 0.869811 0.782782 0.128980 0.030217
1 0.868198 0.503563 0.132205 0.032782
