1 0.864369 0.762543 0.129383 0.031927
1 0.863362 0.660205 0.128174 0.032497
1 0.865780 0.611460 0.128174 0.032497
1 0.864571 0.710376 0.127368 0.032497
1 0.872834 0.420040 0.131802 0.031072
2 0.872834 0.371009 0.136638 0.032212
0 0.869811 0.323261 0.122531 0.023375
1 0.865175 0.810718 0.135026 0.031927
1 0.867795 0.562429 0.128980 0.034208
1 0.867795 0.273945 0.128980 0.029076
1 0.867795 0.228050 0.140266 0.032497
0 0.864772 0.465222 0.131802 0.022805
1 0.868198 0.510262 0.136235 0.033067
1 0.866586 0.859607 0.153164 0.033922
