1 0.884677 0.835235 0.130645 0.037946
1 0.884879 0.107989 0.135887 0.040228
1 0.887298 0.895150 0.134274 0.037946
2 0.880444 0.533524 0.133468 0.043367
1 0.884073 0.713124 0.133468 0.040799
2 0.881250 0.350214 0.133468 0.041940
2 0.879435 0.594864 0.135484 0.044508
2 0.880645 0.411983 0.132258 0.042796
0 0.881452 0.777033 0.120968 0.027104
2 0.881452 0.655350 0.133871 0.044508
0 0.879839 0.289729 0.114516 0.021398
1 0.885887 0.169615 0.135484 0.041940
2 0.886492 0.227817 0.130242 0.039087
1 0.882258 0.471041 0.137903 0.045649
