3 0.746774 0.218519 0.138710 0.060969
3 0.748790 0.615670 0.157258 0.055271
3 0.748790 0.721368 0.142742 0.063818
3 0.748790 0.909972 0.155645 0.054701
3 0.748790 0.326781 0.158871 0.052991
3 0.748790 0.163533 0.162097 0.037607
2 0.750403 0.115385 0.160484 0.037037
0 0.748790 0.521083 0.154032 0.014245
0 0.748790 0.521083 0.154032 0.014245
0 0.748387 0.521083 0.151613 0.014245
0 0.748387 0.521083 0.150000 0.014245
0 0.750403 0.368946 0.144355 0.017664
0 0.745161 0.083476 0.148387 0.017664
0 0.747177 0.266952 0.152419 0.014245
0 0.746774 0.286895 0.151613 0.014245
0 0.747177 0.388889 0.152419 0.016524
0 0.746774 0.410826 0.151613 0.015954
1 0.747177 0.432194 0.158871 0.018803
2 0.748790 0.455556 0.165323 0.023362
0 0.748790 0.478348 0.155645 0.013105
0 0.747177 0.501140 0.158871 0.013105
1 0.748790 0.543875 0.158871 0.017664
1 0.747177 0.569516 0.158871 0.019943
0 0.744758 0.655840 0.157258 0.012536
0 0.745161 0.678063 0.153226 0.013675
0 0.747177 0.764103 0.152419 0.014815
3 0.748387 0.795157 0.164516 0.027920
2 0.745161 0.826496 0.162903 0.018803
0 0.747177 0.847293 0.158871 0.012536
0 0.747177 0.869231 0.152419 0.015385
0 0.748790 0.951852 0.152419 0.016524
0 0.748387 0.972365 0.150000 0.014245
