0 0.361290 0.142246 0.303226 0.023375
0 0.362903 0.173318 0.316129 0.041049
0 0.361290 0.205245 0.333871 0.027366
0 0.364919 0.337229 0.320161 0.030217
0 0.366532 0.566990 0.305645 0.029076
0 0.362903 0.605188 0.298387 0.025656
0 0.366532 0.634265 0.316935 0.023375
0 0.354032 0.700969 0.319355 0.022235
0 0.354032 0.772235 0.312903 0.023375
0 0.361290 0.803022 0.301613 0.021095
0 0.368145 0.868586 0.304032 0.029076
0 0.366532 0.901653 0.312097 0.031357
2 0.355645 0.830103 0.351613 0.033067
1 0.371774 0.732041 0.311290 0.044470
1 0.371371 0.527081 0.318548 0.035918
1 0.373790 0.499430 0.321774 0.044470
1 0.375403 0.466363 0.321774 0.039909
1 0.369758 0.366021 0.315323 0.039909
1 0.371774 0.399658 0.327419 0.045610
1 0.380645 0.434436 0.333871 0.038769
2 0.357258 0.664196 0.348387 0.042189
2 0.357258 0.228050 0.348387 0.033067
2 0.361290 0.268244 0.367742 0.041619
2 0.363306 0.301026 0.392742 0.041049
