2 0.834150 0.197761 0.147059 0.028129
1 0.838235 0.642365 0.130719 0.029851
1 0.844363 0.386051 0.134804 0.028129
1 0.845180 0.567451 0.131536 0.028129
1 0.843137 0.237084 0.132353 0.028703
1 0.843137 0.273249 0.133987 0.025258
1 0.842320 0.348450 0.129085 0.024110
0 0.830882 0.794489 0.114379 0.020666
0 0.836193 0.682836 0.115196 0.023536
2 0.837418 0.312285 0.148693 0.027555
0 0.836193 0.759185 0.110294 0.024684
0 0.837827 0.718714 0.129902 0.024110
2 0.836601 0.606487 0.147059 0.025832
2 0.831699 0.421929 0.150327 0.030999
2 0.834150 0.456085 0.155229 0.032721
2 0.834967 0.491963 0.153595 0.035591
2 0.839461 0.531573 0.154412 0.030999
