0 0.116532 0.655163 0.123387 0.029093
2 0.116129 0.411295 0.132258 0.044495
0 0.118145 0.594695 0.121774 0.030234
0 0.118145 0.716201 0.121774 0.029093
0 0.118548 0.837707 0.117742 0.026811
0 0.120161 0.473189 0.117742 0.025670
0 0.116532 0.533942 0.123387 0.027382
0 0.118548 0.897319 0.116129 0.023959
0 0.118145 0.778380 0.121774 0.029093
1 0.118145 0.106104 0.142742 0.039932
1 0.116532 0.170565 0.141129 0.043354
1 0.113306 0.233885 0.139516 0.042213
1 0.114919 0.292356 0.133065 0.040502
1 0.112903 0.352824 0.140323 0.038220
