3 0.392828 0.643957 0.213537 0.050741
3 0.395649 0.313284 0.207897 0.049601
3 0.392828 0.698689 0.200645 0.050741
3 0.394037 0.257982 0.211120 0.046180
3 0.395246 0.478050 0.208703 0.049601
3 0.393231 0.810148 0.206285 0.047891
3 0.395246 0.590650 0.207091 0.046750
3 0.392828 0.865165 0.211926 0.051881
3 0.392425 0.092360 0.206285 0.046750
3 0.392828 0.422178 0.208703 0.048461
3 0.393634 0.366876 0.207091 0.048461
3 0.394037 0.534493 0.203062 0.050741
2 0.392425 0.148233 0.183723 0.039909
3 0.391217 0.753136 0.200645 0.045610
2 0.392425 0.203250 0.201450 0.048461
3 0.392023 0.202395 0.202256 0.047891
