3 0.880444 0.706562 0.137500 0.052782
3 0.880847 0.766762 0.136694 0.052211
3 0.882460 0.889158 0.141532 0.052782
3 0.881048 0.284023 0.135484 0.053923
3 0.881250 0.345792 0.137500 0.054779
3 0.880444 0.647361 0.135887 0.053067
3 0.879637 0.830100 0.137500 0.052211
3 0.880242 0.223110 0.133871 0.053067
3 0.882863 0.406277 0.137500 0.054208
3 0.880444 0.587732 0.135887 0.054779
3 0.880242 0.160913 0.132258 0.051926
3 0.880242 0.465478 0.139516 0.055635
3 0.884073 0.102853 0.131048 0.048217
3 0.881855 0.526819 0.136290 0.055064
