3 0.441532 0.786285 0.139516 0.041916
3 0.439113 0.198033 0.142742 0.039065
0 0.442137 0.553750 0.121371 0.025663
3 0.446169 0.871400 0.144758 0.027944
3 0.445363 0.423154 0.112500 0.095808
3 0.440524 0.430567 0.102016 0.071286
2 0.439919 0.241660 0.150000 0.028229
0 0.437903 0.586399 0.123387 0.025378
2 0.445766 0.870972 0.144758 0.027659
0 0.450202 0.907756 0.115726 0.027659
0 0.449798 0.317223 0.131855 0.024237
0 0.447782 0.350585 0.145565 0.028229
3 0.440524 0.653407 0.128629 0.094953
1 0.452016 0.735672 0.092742 0.051326
2 0.444153 0.832050 0.161694 0.031936
1 0.438508 0.503992 0.090726 0.057314
2 0.441129 0.283576 0.157258 0.029940
