1 0.116129 0.775036 0.133871 0.039658
1 0.116129 0.592725 0.133871 0.041369
0 0.120766 0.351070 0.121371 0.028816
1 0.113306 0.713267 0.134677 0.039943
1 0.115726 0.653210 0.133871 0.040228
0 0.118548 0.411983 0.121774 0.027960
1 0.116129 0.532525 0.133871 0.039087
0 0.117540 0.837090 0.120565 0.027960
0 0.121774 0.109558 0.116129 0.023395
0 0.121976 0.230100 0.118145 0.024251
2 0.119758 0.169187 0.135484 0.045649
0 0.122379 0.291441 0.121371 0.028816
0 0.119153 0.472468 0.124597 0.027960
0 0.118145 0.895863 0.117742 0.023966
