1 0.113911 0.107846 0.135887 0.039943
1 0.117137 0.773752 0.135887 0.041084
1 0.116532 0.713409 0.135484 0.041940
0 0.118952 0.836234 0.121774 0.027960
0 0.121976 0.411983 0.122984 0.025107
2 0.118548 0.655207 0.134677 0.043652
2 0.117540 0.595150 0.134274 0.043937
0 0.121774 0.352354 0.116129 0.023395
1 0.116331 0.530956 0.135887 0.039943
2 0.116935 0.290585 0.135484 0.044793
0 0.118750 0.897290 0.118145 0.025107
1 0.113508 0.170043 0.137500 0.042796
1 0.116129 0.471612 0.144355 0.042796
1 0.114113 0.230100 0.133871 0.040228
