0 0.298992 0.196780 0.130242 0.023083
0 0.291734 0.311485 0.131855 0.026218
0 0.295363 0.272015 0.130242 0.027643
0 0.297581 0.232972 0.150806 0.026503
2 0.299597 0.160445 0.208871 0.036478
3 0.314718 0.345683 0.156855 0.036478
3 0.313105 0.384013 0.155242 0.037903
3 0.316734 0.421203 0.153629 0.034198
3 0.314113 0.458963 0.164516 0.039042
3 0.314718 0.496580 0.150403 0.029923
2 0.301613 0.532630 0.167742 0.037618
2 0.308468 0.572670 0.141129 0.031063
2 0.295968 0.607581 0.175806 0.029068
2 0.306855 0.644201 0.142742 0.032203
2 0.306855 0.685238 0.166129 0.029923
