3 0.532863 0.733533 0.114113 0.043627
3 0.532460 0.336470 0.080242 0.061591
3 0.536492 0.593100 0.147984 0.041061
3 0.534073 0.398204 0.100403 0.040205
3 0.531048 0.449815 0.096774 0.045908
3 0.536492 0.543770 0.146371 0.039920
3 0.533871 0.875535 0.166129 0.037354
3 0.535484 0.830054 0.166129 0.035358
3 0.533065 0.682064 0.119355 0.041631
2 0.530444 0.225549 0.102016 0.051326
1 0.536089 0.172655 0.110081 0.027659
2 0.537500 0.280867 0.158871 0.037639
2 0.528226 0.495295 0.158871 0.033647
2 0.532863 0.639293 0.146371 0.042201
2 0.530242 0.779299 0.157258 0.034217
