2 0.567339 0.186769 0.133065 0.045623
0 0.567339 0.668520 0.128226 0.027659
0 0.561895 0.797263 0.128629 0.026804
0 0.566734 0.335757 0.121371 0.025378
0 0.561694 0.532792 0.128226 0.027089
1 0.562097 0.836898 0.136290 0.035358
2 0.571573 0.241089 0.150403 0.041346
2 0.569960 0.293698 0.155242 0.046193
2 0.566129 0.382236 0.133871 0.049900
2 0.566734 0.436698 0.143145 0.037924
2 0.566129 0.487311 0.148387 0.037069
2 0.566129 0.579413 0.133871 0.046764
1 0.562702 0.632592 0.138306 0.035643
1 0.566734 0.712575 0.130242 0.037639
1 0.559476 0.751497 0.128629 0.032221
2 0.550605 0.891218 0.060887 0.057884
