1 0.135631 0.762543 0.129383 0.031927
1 0.136638 0.660205 0.128174 0.032497
1 0.134220 0.611460 0.128174 0.032497
1 0.135429 0.710376 0.127368 0.032497
1 0.127166 0.420040 0.131802 0.031072
2 0.127166 0.371009 0.136638 0.032212
0 0.130189 0.323261 0.122531 0.023375
1 0.134825 0.810718 0.135026 0.031927
1 0.132205 0.562429 0.128980 0.034208
1 0.132205 0.273945 0.128980 0.029076
1 0.132205 0.228050 0.140266 0.032497
0 0.135228 0.465222 0.131802 0.022805
1 0.131802 0.510262 0.136235 0.033067
1 0.133414 0.859607 0.153164 0.033922
