1 0.132608 0.729761 0.129786 0.035348
2 0.127166 0.582241 0.135026 0.033352
1 0.132608 0.377993 0.139460 0.032497
3 0.132205 0.323404 0.145909 0.035063
1 0.132003 0.777936 0.126965 0.030787
1 0.132406 0.266676 0.131802 0.031072
2 0.126763 0.482184 0.137445 0.033352
2 0.128174 0.432583 0.140266 0.031072
2 0.126360 0.632412 0.133414 0.033352
0 0.130794 0.223489 0.126965 0.022235
0 0.129988 0.826254 0.120516 0.022520
2 0.129988 0.873290 0.144700 0.030502
1 0.126763 0.529932 0.137445 0.037628
2 0.126360 0.681015 0.133414 0.033067
