3 0.880444 0.707561 0.137500 0.053638
3 0.880847 0.766762 0.136694 0.052211
3 0.882460 0.889158 0.141532 0.052782
3 0.881250 0.345364 0.137500 0.053923
3 0.882460 0.284879 0.135887 0.053923
3 0.881855 0.223110 0.133871 0.053067
3 0.880847 0.830100 0.137500 0.052211
3 0.880444 0.647932 0.135887 0.053638
3 0.882863 0.405421 0.137500 0.054779
3 0.880242 0.587732 0.135484 0.054779
3 0.880242 0.160913 0.132258 0.051926
3 0.880242 0.466049 0.139516 0.055064
3 0.884073 0.102853 0.131048 0.048217
3 0.881250 0.526391 0.137500 0.054779
