3 0.881855 0.770043 0.133871 0.053067
3 0.881250 0.527247 0.135887 0.054779
3 0.883065 0.405849 0.135484 0.053923
3 0.880444 0.586020 0.135887 0.053067
3 0.883468 0.891441 0.140323 0.051070
2 0.880847 0.471612 0.134274 0.042796
2 0.880242 0.351498 0.132258 0.041084
2 0.889718 0.650785 0.102016 0.058773
2 0.886492 0.287732 0.103629 0.057347
2 0.889113 0.104993 0.096774 0.055920
2 0.878831 0.836662 0.134274 0.041940
2 0.890323 0.712411 0.095968 0.062197
2 0.890121 0.226106 0.097984 0.055635
2 0.889315 0.165621 0.097984 0.055635
