3 0.118145 0.587447 0.133871 0.054208
3 0.118548 0.646362 0.137097 0.052782
3 0.118548 0.707133 0.136290 0.053923
3 0.118145 0.466049 0.137097 0.055064
3 0.119153 0.768331 0.135887 0.053067
3 0.118750 0.526534 0.134274 0.054494
3 0.117540 0.405849 0.138306 0.053923
3 0.121169 0.346933 0.138306 0.053067
3 0.118952 0.284451 0.133871 0.054779
3 0.118145 0.222825 0.133871 0.054779
2 0.118145 0.102568 0.130645 0.036234
2 0.120766 0.162625 0.131855 0.036519
2 0.119556 0.837518 0.140726 0.044793
2 0.120161 0.891441 0.135484 0.037375
