3 0.883065 0.890157 0.139516 0.053067
3 0.880645 0.162340 0.133871 0.054779
3 0.884073 0.830956 0.135081 0.052211
3 0.881855 0.223966 0.137097 0.053067
3 0.883871 0.102996 0.130645 0.050214
2 0.891734 0.468046 0.097984 0.057917
2 0.891734 0.773039 0.094758 0.059629
2 0.892944 0.710128 0.097177 0.058773
2 0.891129 0.650785 0.098387 0.058203
2 0.892339 0.589158 0.100806 0.058773
2 0.892339 0.528245 0.101613 0.057917
2 0.886895 0.286591 0.105242 0.057917
2 0.891331 0.347789 0.101210 0.058773
2 0.890524 0.407989 0.097984 0.057632
