3 0.121774 0.348217 0.133871 0.055635
3 0.122581 0.287732 0.132258 0.056776
3 0.122984 0.468474 0.133871 0.053638
3 0.122984 0.407846 0.135484 0.056776
3 0.123387 0.528959 0.132258 0.054208
3 0.121169 0.226819 0.127016 0.054779
3 0.123387 0.164051 0.128226 0.054779
3 0.122379 0.105849 0.128629 0.053067
3 0.121371 0.832525 0.125000 0.053067
3 0.122581 0.588160 0.133871 0.053923
0 0.119758 0.655635 0.116129 0.023395
2 0.113508 0.711270 0.102016 0.056491
2 0.110685 0.772040 0.097984 0.057632
2 0.122581 0.897718 0.141129 0.039087
