3 0.885887 0.708845 0.142742 0.056205
3 0.883065 0.830100 0.141129 0.055635
1 0.882863 0.652924 0.135887 0.039087
0 0.879234 0.472183 0.118145 0.022825
3 0.887097 0.344508 0.143548 0.053923
0 0.878226 0.230243 0.116129 0.025678
0 0.880242 0.776748 0.121774 0.025392
3 0.883669 0.404993 0.139113 0.052782
0 0.883065 0.896862 0.116129 0.022539
3 0.886694 0.525963 0.145968 0.056776
0 0.879234 0.290157 0.112500 0.022254
0 0.878629 0.170471 0.119355 0.024251
0 0.880040 0.595150 0.121371 0.025678
3 0.880242 0.102282 0.137903 0.056776
