3 0.691254 0.645667 0.110439 0.053592
3 0.689641 0.584521 0.101572 0.055587
3 0.693672 0.770525 0.101572 0.055302
2 0.673116 0.833096 0.118501 0.048746
3 0.691858 0.157070 0.106812 0.054732
1 0.672310 0.258552 0.125756 0.031927
0 0.672511 0.322834 0.107618 0.026511
1 0.669287 0.379989 0.126159 0.033067
0 0.672713 0.445981 0.113664 0.025941
1 0.669085 0.503136 0.126562 0.029076
0 0.678356 0.200827 0.105603 0.024800
0 0.679968 0.689424 0.108021 0.023660
3 0.404877 0.625428 0.158404 0.033067
3 0.405280 0.686574 0.158404 0.032782
3 0.405280 0.443558 0.160822 0.035918
3 0.401854 0.565137 0.158001 0.036773
3 0.402459 0.748005 0.156792 0.032497
3 0.405079 0.810291 0.150746 0.033352
1 0.670496 0.871152 0.122128 0.025656
3 0.404676 0.504704 0.158807 0.036773
0 0.668682 0.871152 0.120919 0.025656
3 0.404474 0.379704 0.159210 0.037058
