3 0.444758 0.618192 0.167742 0.045623
3 0.440927 0.398916 0.127823 0.037639
3 0.439516 0.250642 0.150000 0.039920
3 0.444960 0.202025 0.155242 0.037354
3 0.457258 0.473624 0.101613 0.091246
0 0.443145 0.294839 0.129839 0.025663
0 0.446774 0.662390 0.131452 0.023382
0 0.444556 0.326490 0.128629 0.025663
0 0.448185 0.694326 0.128629 0.024522
0 0.451008 0.729256 0.131855 0.027659
0 0.444153 0.361848 0.132661 0.025093
3 0.454032 0.794269 0.098387 0.092672
1 0.441734 0.557314 0.097984 0.067009
1 0.448387 0.882236 0.101613 0.062161
