1 0.886089 0.107846 0.135887 0.039943
1 0.882863 0.773752 0.135887 0.041084
1 0.883468 0.713409 0.135484 0.041940
0 0.881048 0.836234 0.121774 0.027960
0 0.878024 0.411983 0.122984 0.025107
2 0.881452 0.655207 0.134677 0.043652
2 0.882460 0.595150 0.134274 0.043937
0 0.878226 0.352354 0.116129 0.023395
1 0.883669 0.530956 0.135887 0.039943
2 0.883065 0.290585 0.135484 0.044793
0 0.881250 0.897290 0.118145 0.025107
1 0.886492 0.170043 0.137500 0.042796
1 0.883871 0.471612 0.144355 0.042796
1 0.885887 0.230100 0.133871 0.040228
