2 0.116129 0.594695 0.132258 0.042784
1 0.118548 0.836281 0.132258 0.039932
2 0.118548 0.351683 0.132258 0.041643
2 0.116935 0.411295 0.129032 0.044495
0 0.120161 0.169424 0.116129 0.022818
0 0.120161 0.472904 0.116129 0.022818
2 0.112903 0.108671 0.132258 0.040502
2 0.118145 0.714775 0.129839 0.044495
1 0.112500 0.231033 0.147581 0.046777
1 0.118952 0.286366 0.144355 0.046777
1 0.116532 0.530519 0.145968 0.039932
2 0.115726 0.898460 0.157258 0.054763
2 0.115726 0.779806 0.134677 0.045636
1 0.118952 0.653166 0.137903 0.041072
