3 0.410685 0.484317 0.097984 0.039635
3 0.407661 0.191474 0.105645 0.039635
3 0.406653 0.237953 0.110081 0.040776
3 0.410081 0.585401 0.110484 0.041631
3 0.413105 0.434417 0.096371 0.039635
3 0.411895 0.387796 0.109274 0.039350
3 0.410887 0.813231 0.123387 0.043342
3 0.405645 0.339607 0.110484 0.045053
3 0.407258 0.537069 0.126613 0.048189
3 0.409274 0.630739 0.091129 0.037069
3 0.409677 0.291560 0.121774 0.045908
3 0.405645 0.770317 0.153226 0.029940
3 0.408266 0.725691 0.143145 0.037639
3 0.410685 0.678358 0.143952 0.050756
