1 0.116129 0.651926 0.132258 0.039943
0 0.120161 0.108702 0.117742 0.027960
2 0.121573 0.835949 0.135887 0.043367
2 0.117540 0.472468 0.132661 0.042796
2 0.119758 0.774893 0.133871 0.041084
0 0.118548 0.716976 0.117742 0.023966
1 0.116935 0.591869 0.135484 0.043652
2 0.119153 0.533381 0.134274 0.044793
0 0.122379 0.290300 0.119758 0.022539
0 0.119758 0.895578 0.114516 0.022254
0 0.122581 0.170471 0.123387 0.025963
1 0.115323 0.347932 0.142742 0.052782
1 0.113911 0.410414 0.141532 0.041940
1 0.116129 0.227960 0.133871 0.041084
