1 0.646148 0.548847 0.122634 0.023774
3 0.652875 0.286114 0.127515 0.026687
2 0.647279 0.252106 0.126563 0.026214
1 0.650732 0.420767 0.116800 0.024246
0 0.644303 0.682162 0.111561 0.020546
0 0.650851 0.357278 0.106798 0.020546
1 0.648291 0.612454 0.119062 0.026608
0 0.645017 0.816343 0.102750 0.015902
0 0.649006 0.518067 0.109775 0.020153
1 0.650494 0.644612 0.115371 0.023695
1 0.654125 0.320712 0.073818 0.030701
1 0.649958 0.452492 0.125015 0.029914
0 0.654125 0.488389 0.109537 0.021255
1 0.647934 0.583524 0.126920 0.024797
1 0.648768 0.713690 0.115966 0.023459
1 0.656804 0.746517 0.109180 0.024089
0 0.650970 0.781312 0.085605 0.024719
