2 0.881452 0.290645 0.132258 0.040502
2 0.881855 0.167998 0.128226 0.041643
3 0.885484 0.707359 0.137097 0.054763
2 0.879839 0.351683 0.130645 0.041643
1 0.886694 0.592128 0.131452 0.038791
1 0.883468 0.532516 0.136290 0.040502
2 0.881452 0.412436 0.133871 0.045636
3 0.878226 0.768112 0.138710 0.054193
0 0.879839 0.229892 0.112903 0.021677
1 0.883065 0.472904 0.132258 0.041072
0 0.883065 0.109527 0.108065 0.021677
0 0.883468 0.655448 0.110484 0.025100
2 0.886694 0.833714 0.105645 0.059897
3 0.885081 0.893611 0.141129 0.053052
