1 0.885484 0.107846 0.135484 0.039943
1 0.883871 0.834237 0.132258 0.038231
1 0.885484 0.713267 0.133871 0.039943
2 0.881855 0.533096 0.137097 0.042511
1 0.883871 0.652354 0.133871 0.040799
1 0.883065 0.592297 0.133871 0.042796
0 0.879234 0.777033 0.121371 0.027104
0 0.878226 0.472611 0.116129 0.021398
1 0.882863 0.169187 0.135887 0.041655
2 0.882863 0.897147 0.139113 0.043652
0 0.876613 0.290300 0.117742 0.021969
1 0.887097 0.347789 0.142742 0.047361
1 0.883871 0.409986 0.133871 0.039943
1 0.886694 0.227247 0.133065 0.040799
