2 0.432258 0.382521 0.132258 0.048189
2 0.435685 0.187910 0.139113 0.045623
1 0.435887 0.835472 0.135484 0.033647
0 0.434879 0.794696 0.128629 0.025663
0 0.441129 0.533077 0.132258 0.025948
0 0.435685 0.336470 0.121371 0.025663
2 0.443347 0.889507 0.096371 0.056744
2 0.434073 0.242087 0.146371 0.043342
2 0.431452 0.291275 0.157258 0.039065
2 0.434677 0.438409 0.145968 0.037924
2 0.439516 0.482749 0.141129 0.037639
2 0.437298 0.577844 0.128629 0.044197
1 0.431452 0.630739 0.132258 0.034217
0 0.433065 0.668378 0.137903 0.031936
1 0.435887 0.715284 0.144355 0.032221
1 0.438508 0.754776 0.130242 0.031936
