3 0.677016 0.461528 0.133871 0.038472
3 0.678024 0.312055 0.142339 0.037048
3 0.685887 0.346537 0.141129 0.034768
3 0.678024 0.422913 0.131855 0.034198
2 0.709677 0.644771 0.130645 0.034483
3 0.684677 0.384583 0.139516 0.036763
3 0.674798 0.272015 0.131855 0.032773
3 0.709879 0.573668 0.162500 0.038188
3 0.675806 0.161300 0.170968 0.037048
3 0.706250 0.607581 0.137500 0.029638
3 0.686895 0.199060 0.191532 0.034483
3 0.684879 0.236250 0.196371 0.038188
3 0.696169 0.494443 0.191532 0.034198
3 0.699194 0.534910 0.187097 0.034198
