1 0.115323 0.835235 0.130645 0.037946
1 0.115121 0.107989 0.135887 0.040228
1 0.112702 0.895150 0.134274 0.037946
2 0.119556 0.533524 0.133468 0.043367
1 0.115927 0.713124 0.133468 0.040799
2 0.118750 0.350214 0.133468 0.041940
2 0.120565 0.594864 0.135484 0.044508
2 0.119355 0.411983 0.132258 0.042796
0 0.118548 0.777033 0.120968 0.027104
2 0.118548 0.655350 0.133871 0.044508
0 0.120161 0.289729 0.114516 0.021398
1 0.114113 0.169615 0.135484 0.041940
2 0.113508 0.227817 0.130242 0.039087
1 0.117742 0.471041 0.137903 0.045649
