0 0.295565 0.607581 0.128226 0.025078
2 0.289113 0.781562 0.207258 0.037333
0 0.292944 0.232402 0.141532 0.028783
0 0.291734 0.194357 0.143145 0.027358
3 0.296169 0.499288 0.169758 0.029068
0 0.302823 0.157595 0.147581 0.027358
1 0.298992 0.643631 0.194758 0.028783
1 0.301613 0.676404 0.164516 0.027643
1 0.305242 0.707467 0.185484 0.031063
1 0.298992 0.741379 0.180242 0.028783
3 0.292944 0.459533 0.202016 0.035623
3 0.291734 0.422913 0.203629 0.034768
3 0.290524 0.535908 0.196371 0.037903
1 0.286492 0.571530 0.194758 0.031063
1 0.307863 0.269307 0.180242 0.034768
1 0.315323 0.307353 0.177419 0.028783
1 0.313105 0.345968 0.169758 0.027928
1 0.304637 0.382303 0.180242 0.036763
