3 0.121169 0.832382 0.133468 0.053923
3 0.119153 0.892439 0.135887 0.053067
2 0.119758 0.533381 0.135484 0.041940
2 0.118750 0.228388 0.127823 0.040228
3 0.113911 0.468902 0.123790 0.048787
2 0.120565 0.714836 0.132258 0.043652
2 0.119153 0.774750 0.133468 0.041940
2 0.120565 0.655350 0.133871 0.042796
2 0.120565 0.595150 0.135484 0.043937
0 0.121371 0.169615 0.112097 0.019686
2 0.119758 0.351498 0.132258 0.041655
2 0.119758 0.286591 0.112097 0.057917
3 0.118145 0.409843 0.136290 0.049929
3 0.112702 0.105706 0.087500 0.063053
