2 0.567742 0.382521 0.132258 0.048189
2 0.564315 0.187910 0.139113 0.045623
1 0.564113 0.835472 0.135484 0.033647
0 0.565121 0.794696 0.128629 0.025663
0 0.558871 0.533077 0.132258 0.025948
0 0.564315 0.336470 0.121371 0.025663
2 0.556653 0.889507 0.096371 0.056744
2 0.565927 0.242087 0.146371 0.043342
2 0.568548 0.291275 0.157258 0.039065
2 0.565323 0.438409 0.145968 0.037924
2 0.560484 0.482749 0.141129 0.037639
2 0.562702 0.577844 0.128629 0.044197
1 0.568548 0.630739 0.132258 0.034217
0 0.566935 0.668378 0.137903 0.031936
1 0.564113 0.715284 0.144355 0.032221
1 0.561492 0.754776 0.130242 0.031936
