3 0.539113 0.180496 0.141129 0.049045
3 0.530645 0.233676 0.157258 0.047619
2 0.527621 0.277445 0.160081 0.036498
1 0.528427 0.326205 0.139113 0.039920
1 0.526815 0.368549 0.135887 0.036213
2 0.531452 0.416310 0.122581 0.054748
2 0.534677 0.473339 0.158871 0.037639
3 0.523790 0.527944 0.092742 0.061876
3 0.531250 0.592957 0.102016 0.047619
3 0.532863 0.643713 0.102016 0.046478
2 0.530645 0.688623 0.160484 0.036498
3 0.531653 0.733676 0.139113 0.046764
3 0.536290 0.782435 0.151613 0.038780
2 0.526613 0.832906 0.169355 0.036498
1 0.533871 0.883519 0.142742 0.048760
