1 0.116532 0.652782 0.133065 0.039943
0 0.119758 0.109130 0.116129 0.027104
2 0.119758 0.349643 0.133871 0.040799
0 0.119758 0.229815 0.108871 0.023110
1 0.115524 0.894294 0.134274 0.037375
0 0.116935 0.716120 0.116129 0.025107
2 0.119758 0.413267 0.133871 0.044793
0 0.119153 0.169615 0.114113 0.024251
0 0.120766 0.776605 0.119758 0.025107
2 0.119556 0.836234 0.133468 0.039943
3 0.123387 0.470328 0.142742 0.044793
0 0.119556 0.289872 0.108468 0.021113
3 0.122379 0.527247 0.146371 0.051926
2 0.120161 0.594722 0.141129 0.048217
