0 0.704435 0.607581 0.128226 0.025078
2 0.710887 0.781562 0.207258 0.037333
0 0.707056 0.232402 0.141532 0.028783
0 0.708266 0.194357 0.143145 0.027358
3 0.703831 0.499288 0.169758 0.029068
0 0.697177 0.157595 0.147581 0.027358
1 0.701008 0.643631 0.194758 0.028783
1 0.698387 0.676404 0.164516 0.027643
1 0.694758 0.707467 0.185484 0.031063
1 0.701008 0.741379 0.180242 0.028783
3 0.707056 0.459533 0.202016 0.035623
3 0.708266 0.422913 0.203629 0.034768
3 0.709476 0.535908 0.196371 0.037903
1 0.713508 0.571530 0.194758 0.031063
1 0.692137 0.269307 0.180242 0.034768
1 0.684677 0.307353 0.177419 0.028783
1 0.686895 0.345968 0.169758 0.027928
1 0.695363 0.382303 0.180242 0.036763
