3 0.466129 0.525378 0.108871 0.061306
3 0.463508 0.586399 0.135887 0.042486
3 0.469758 0.307956 0.101613 0.062732
3 0.467137 0.366980 0.137500 0.037639
3 0.466935 0.751640 0.120968 0.085543
0 0.460282 0.688052 0.109274 0.025663
0 0.460887 0.659253 0.117742 0.023952
2 0.464919 0.194896 0.137097 0.023667
0 0.464516 0.443114 0.107258 0.023382
0 0.467137 0.225264 0.106855 0.022241
0 0.467137 0.256059 0.110887 0.027374
0 0.468548 0.471343 0.106452 0.033647
2 0.474798 0.414885 0.128629 0.034217
2 0.466935 0.630596 0.133871 0.035643
1 0.482258 0.832906 0.110484 0.054748
