2 0.434677 0.543770 0.141129 0.045623
2 0.428024 0.348446 0.135081 0.045623
0 0.434879 0.496151 0.128629 0.029085
0 0.440726 0.693042 0.125000 0.025948
0 0.440121 0.890505 0.131855 0.028514
3 0.438105 0.737668 0.135887 0.049045
3 0.431653 0.243656 0.144758 0.033362
1 0.429435 0.401198 0.139516 0.034217
2 0.438105 0.737668 0.134274 0.049045
1 0.428024 0.447534 0.140726 0.035073
2 0.432056 0.244654 0.145565 0.032506
2 0.427016 0.195181 0.144355 0.033932
0 0.437298 0.303964 0.138306 0.029085
2 0.433266 0.597662 0.153629 0.045623
2 0.434677 0.647419 0.146774 0.041916
2 0.438710 0.793413 0.150000 0.039065
2 0.441935 0.845167 0.147581 0.034217
