3 0.446774 0.731537 0.141129 0.037354
3 0.438911 0.528657 0.163306 0.049615
3 0.444758 0.392643 0.100000 0.067294
3 0.435887 0.208013 0.166129 0.041346
3 0.436290 0.580553 0.161290 0.041631
0 0.445766 0.625036 0.137500 0.023952
0 0.442137 0.249644 0.130242 0.025378
0 0.447379 0.657257 0.144758 0.025663
3 0.452419 0.803964 0.100000 0.096664
0 0.449395 0.690904 0.139113 0.025663
0 0.438911 0.283148 0.128629 0.021671
0 0.438306 0.317936 0.137097 0.031366
1 0.441935 0.470488 0.081452 0.059880
1 0.443952 0.891788 0.108871 0.059025
