3 0.308746 0.645667 0.110439 0.053592
3 0.310359 0.584521 0.101572 0.055587
3 0.306328 0.770525 0.101572 0.055302
2 0.326884 0.833096 0.118501 0.048746
3 0.308142 0.157070 0.106812 0.054732
1 0.327690 0.258552 0.125756 0.031927
0 0.327489 0.322834 0.107618 0.026511
1 0.330713 0.379989 0.126159 0.033067
0 0.327287 0.445981 0.113664 0.025941
1 0.330915 0.503136 0.126562 0.029076
0 0.321644 0.200827 0.105603 0.024800
0 0.320032 0.689424 0.108021 0.023660
3 0.595123 0.625428 0.158404 0.033067
3 0.594720 0.686574 0.158404 0.032782
3 0.594720 0.443558 0.160822 0.035918
3 0.598146 0.565137 0.158001 0.036773
3 0.597541 0.748005 0.156792 0.032497
3 0.594921 0.810291 0.150746 0.033352
1 0.329504 0.871152 0.122128 0.025656
3 0.595324 0.504704 0.158807 0.036773
0 0.331318 0.871152 0.120919 0.025656
3 0.595526 0.379704 0.159210 0.037058
