1 0.316734 0.535053 0.155242 0.029353
0 0.302823 0.307638 0.137903 0.026503
1 0.315121 0.498718 0.155242 0.029638
3 0.315726 0.345113 0.125000 0.030208
1 0.308871 0.158307 0.187097 0.033343
1 0.306855 0.195925 0.183871 0.034483
1 0.311492 0.231547 0.171371 0.031063
1 0.306855 0.271017 0.185484 0.043317
1 0.306250 0.382873 0.187500 0.031063
1 0.312298 0.422913 0.178629 0.034768
1 0.310081 0.459533 0.179032 0.037903
1 0.302016 0.569535 0.185484 0.034483
2 0.289113 0.611998 0.207258 0.038472
2 0.286492 0.647905 0.210887 0.031063
2 0.284073 0.684241 0.202823 0.034198
