3 0.116935 0.890157 0.139516 0.053067
3 0.119355 0.162340 0.133871 0.054779
3 0.115927 0.830956 0.135081 0.052211
3 0.118145 0.223966 0.137097 0.053067
3 0.116129 0.102996 0.130645 0.050214
2 0.108266 0.468046 0.097984 0.057917
2 0.108266 0.773039 0.094758 0.059629
2 0.107056 0.710128 0.097177 0.058773
2 0.108871 0.650785 0.098387 0.058203
2 0.107661 0.589158 0.100806 0.058773
2 0.107661 0.528245 0.101613 0.057917
2 0.113105 0.286591 0.105242 0.057917
2 0.108669 0.347789 0.101210 0.058773
2 0.109476 0.407989 0.097984 0.057632
