3 0.676008 0.351525 0.135887 0.037903
3 0.673185 0.385152 0.131855 0.033343
3 0.676008 0.421773 0.127016 0.030208
3 0.680645 0.312625 0.135484 0.035338
3 0.683266 0.273155 0.146371 0.035623
3 0.673387 0.453691 0.126613 0.031918
3 0.685685 0.157310 0.153629 0.034198
2 0.681653 0.230693 0.137500 0.037333
3 0.702016 0.659590 0.180645 0.032773
3 0.688508 0.195355 0.139113 0.033343
2 0.689516 0.195640 0.141129 0.033343
2 0.680645 0.486036 0.142742 0.031063
2 0.681452 0.519949 0.150000 0.029923
3 0.677419 0.553292 0.147581 0.029923
3 0.679032 0.584355 0.144355 0.032203
3 0.681452 0.617982 0.135484 0.031063
