2 0.460685 0.180354 0.163306 0.041916
2 0.459274 0.223553 0.166129 0.037639
3 0.465524 0.277303 0.160081 0.064728
3 0.467137 0.338466 0.152016 0.035358
2 0.466734 0.379527 0.155242 0.035358
2 0.464516 0.421871 0.167742 0.031081
2 0.462702 0.462789 0.172984 0.033077
1 0.460887 0.506273 0.126613 0.041346
1 0.479435 0.549758 0.144355 0.034217
2 0.473387 0.602082 0.101613 0.059025
2 0.467137 0.659253 0.155242 0.037639
3 0.474395 0.714428 0.087500 0.069290
3 0.464516 0.785999 0.116129 0.049330
3 0.473185 0.839607 0.097177 0.047619
2 0.474798 0.882236 0.160081 0.034217
