2 0.120161 0.108845 0.131452 0.041940
0 0.118548 0.837233 0.120968 0.028816
2 0.121169 0.351926 0.137500 0.044793
0 0.116532 0.655207 0.123387 0.030528
0 0.119758 0.776605 0.123387 0.029672
2 0.122581 0.291013 0.135484 0.043937
0 0.117540 0.716548 0.122177 0.029387
2 0.119758 0.230243 0.132258 0.043937
2 0.121976 0.169187 0.130242 0.044508
0 0.118145 0.593866 0.123387 0.030528
0 0.117540 0.533381 0.122177 0.025963
1 0.117137 0.470756 0.137500 0.041084
0 0.119758 0.895720 0.117742 0.024251
1 0.116935 0.409558 0.138710 0.044793
