3 0.553226 0.731537 0.141129 0.037354
3 0.561089 0.528657 0.163306 0.049615
3 0.555242 0.392643 0.100000 0.067294
3 0.564113 0.208013 0.166129 0.041346
3 0.563710 0.580553 0.161290 0.041631
0 0.554234 0.625036 0.137500 0.023952
0 0.557863 0.249644 0.130242 0.025378
0 0.552621 0.657257 0.144758 0.025663
3 0.547581 0.803964 0.100000 0.096664
0 0.550605 0.690904 0.139113 0.025663
0 0.561089 0.283148 0.128629 0.021671
0 0.561694 0.317936 0.137097 0.031366
1 0.558065 0.470488 0.081452 0.059880
1 0.556048 0.891788 0.108871 0.059025
