3 0.118145 0.645934 0.136290 0.053067
3 0.119758 0.587447 0.135484 0.054208
3 0.118548 0.706134 0.135484 0.053067
3 0.119556 0.767190 0.135887 0.053067
3 0.117540 0.224394 0.132661 0.052782
3 0.117540 0.526819 0.135081 0.055635
3 0.118145 0.162340 0.132258 0.054208
2 0.119758 0.411698 0.132258 0.040514
3 0.118952 0.283738 0.135484 0.052782
3 0.114919 0.103852 0.130645 0.049643
2 0.119556 0.472468 0.133468 0.042796
2 0.122379 0.837090 0.135887 0.043937
2 0.113508 0.347504 0.102016 0.057632
3 0.119556 0.894722 0.136694 0.042796
