1 0.886089 0.107989 0.135887 0.040228
1 0.883669 0.713695 0.135887 0.040228
2 0.880847 0.594294 0.135887 0.043937
2 0.884073 0.775892 0.136694 0.043081
1 0.883065 0.654066 0.135484 0.043081
2 0.881855 0.473039 0.136290 0.043937
2 0.880242 0.897290 0.142742 0.045078
1 0.886694 0.168902 0.137903 0.040514
3 0.887097 0.223110 0.140323 0.056491
1 0.885484 0.410842 0.142742 0.042225
1 0.887702 0.290585 0.140726 0.040799
3 0.881048 0.830956 0.139516 0.054494
1 0.886290 0.351213 0.142742 0.045649
3 0.881653 0.526534 0.134274 0.052211
