3 0.436895 0.262903 0.128629 0.034217
0 0.436895 0.574423 0.112500 0.022526
0 0.436290 0.189906 0.105645 0.015968
0 0.438508 0.462218 0.112500 0.021671
0 0.435887 0.495153 0.110484 0.025948
0 0.429435 0.605076 0.107258 0.025093
0 0.442137 0.808954 0.105242 0.023952
0 0.435081 0.221985 0.110484 0.026518
0 0.438306 0.842458 0.098387 0.027659
1 0.435887 0.760622 0.108871 0.064728
3 0.433266 0.671514 0.128629 0.096949
1 0.438911 0.534360 0.128629 0.034217
1 0.429435 0.308098 0.141129 0.035643
0 0.431048 0.344597 0.109677 0.029370
1 0.435685 0.381380 0.121371 0.035643
1 0.435685 0.426148 0.128629 0.031081
