1 0.113911 0.107989 0.135887 0.040228
1 0.116331 0.713695 0.135887 0.040228
2 0.119153 0.594294 0.135887 0.043937
2 0.115927 0.775892 0.136694 0.043081
1 0.116935 0.654066 0.135484 0.043081
2 0.118145 0.473039 0.136290 0.043937
2 0.119758 0.897290 0.142742 0.045078
1 0.113306 0.168902 0.137903 0.040514
3 0.112903 0.223110 0.140323 0.056491
1 0.114516 0.410842 0.142742 0.042225
1 0.112298 0.290585 0.140726 0.040799
3 0.118952 0.830956 0.139516 0.054494
1 0.113710 0.351213 0.142742 0.045649
3 0.118347 0.526534 0.134274 0.052211
