3 0.247581 0.472365 0.158065 0.063818
3 0.249597 0.149573 0.173387 0.047293
3 0.245968 0.249573 0.164516 0.062678
3 0.245968 0.838177 0.153226 0.062678
3 0.245565 0.532764 0.163710 0.045584
3 0.247581 0.901140 0.167742 0.048433
3 0.245968 0.360969 0.120968 0.062108
3 0.249194 0.198006 0.164516 0.033618
3 0.245968 0.778348 0.167742 0.047863
3 0.247581 0.580912 0.167742 0.038177
3 0.245968 0.418519 0.166129 0.034758
3 0.249597 0.095442 0.171774 0.049573
3 0.247581 0.949573 0.162903 0.038177
3 0.247984 0.307123 0.171774 0.035328
0 0.247984 0.615954 0.157258 0.015954
3 0.243952 0.649573 0.158871 0.041026
0 0.245565 0.683476 0.157258 0.017664
3 0.244355 0.721368 0.166129 0.051282
