0 0.711290 0.516101 0.134677 0.026788
0 0.710685 0.441864 0.144758 0.025363
0 0.716935 0.180821 0.166129 0.026503
0 0.715524 0.212739 0.153629 0.020804
0 0.713911 0.252779 0.160081 0.026788
2 0.708266 0.553577 0.187500 0.028213
2 0.699395 0.294671 0.219758 0.027928
1 0.689113 0.334141 0.175000 0.031063
1 0.689113 0.371188 0.183871 0.027643
2 0.703427 0.407524 0.221371 0.033628
1 0.695968 0.481761 0.175000 0.031063
1 0.710685 0.589199 0.178629 0.033343
1 0.694355 0.631091 0.191129 0.034483
1 0.703226 0.667997 0.205645 0.026218
