3 0.460887 0.189906 0.175000 0.057599
3 0.476008 0.255204 0.097984 0.057599
2 0.473387 0.307956 0.142742 0.041061
2 0.466935 0.351583 0.137097 0.035928
3 0.466935 0.395352 0.147581 0.041346
3 0.471774 0.449530 0.144355 0.041346
2 0.470161 0.607072 0.109677 0.039920
2 0.469556 0.648703 0.102016 0.036498
3 0.474798 0.707870 0.128629 0.073282
1 0.472984 0.770317 0.114516 0.041346
1 0.473185 0.811948 0.097177 0.029940
2 0.488508 0.862846 0.105242 0.063302
2 0.460685 0.506701 0.103629 0.047904
2 0.468548 0.553892 0.084677 0.036213
