3 0.388799 0.146807 0.197421 0.048461
3 0.394440 0.644242 0.213537 0.050171
3 0.394440 0.313284 0.208703 0.049601
3 0.392828 0.698689 0.200645 0.050741
3 0.393231 0.258267 0.207897 0.046750
3 0.394440 0.478050 0.208703 0.049601
3 0.393231 0.865165 0.209508 0.051881
3 0.394037 0.810148 0.204674 0.047891
3 0.394440 0.590650 0.205479 0.046750
3 0.389202 0.092360 0.211120 0.046750
3 0.392023 0.422178 0.202256 0.049601
3 0.393634 0.366876 0.207091 0.048461
3 0.393231 0.534208 0.201450 0.051311
3 0.392023 0.752851 0.202256 0.047320
3 0.395649 0.201539 0.214343 0.051881
