3 0.469556 0.425577 0.097984 0.063587
0 0.468548 0.829912 0.100806 0.027089
0 0.470766 0.377531 0.103629 0.022812
0 0.467540 0.553322 0.106855 0.023667
0 0.470766 0.345595 0.108468 0.023382
0 0.472379 0.794839 0.103629 0.023667
0 0.467137 0.693470 0.119758 0.023952
0 0.473185 0.770887 0.103629 0.032221
1 0.466129 0.728115 0.116129 0.031651
1 0.467137 0.658112 0.121371 0.039350
1 0.473387 0.585971 0.117742 0.037639
1 0.467137 0.489450 0.131855 0.035643
1 0.473387 0.310237 0.110484 0.027944
1 0.470766 0.238666 0.121371 0.037639
2 0.468548 0.198888 0.125806 0.035643
0 0.479637 0.276875 0.121371 0.027944
0 0.470161 0.522812 0.122581 0.026518
0 0.476210 0.626034 0.108871 0.028800
