3 0.466532 0.234959 0.108871 0.071856
0 0.468548 0.680354 0.114516 0.022241
0 0.466935 0.451811 0.121774 0.025948
0 0.468145 0.779013 0.108871 0.019960
3 0.468548 0.523382 0.068548 0.071571
1 0.473387 0.305247 0.092742 0.053322
2 0.463911 0.354577 0.153629 0.034502
2 0.467137 0.390220 0.127016 0.024237
0 0.476411 0.423867 0.135081 0.031081
1 0.477016 0.593100 0.091129 0.057029
1 0.475806 0.645994 0.112097 0.035643
1 0.476411 0.712717 0.103629 0.027659
1 0.472984 0.747505 0.117742 0.035643
1 0.466734 0.812946 0.102016 0.027944
1 0.459274 0.844597 0.141129 0.031366
0 0.462298 0.882806 0.135081 0.023382
