3 0.323992 0.351525 0.135887 0.037903
3 0.326815 0.385152 0.131855 0.033343
3 0.323992 0.421773 0.127016 0.030208
3 0.319355 0.312625 0.135484 0.035338
3 0.316734 0.273155 0.146371 0.035623
3 0.326613 0.453691 0.126613 0.031918
3 0.314315 0.157310 0.153629 0.034198
2 0.318347 0.230693 0.137500 0.037333
3 0.297984 0.659590 0.180645 0.032773
3 0.311492 0.195355 0.139113 0.033343
2 0.310484 0.195640 0.141129 0.033343
2 0.319355 0.486036 0.142742 0.031063
2 0.318548 0.519949 0.150000 0.029923
3 0.322581 0.553292 0.147581 0.029923
3 0.320968 0.584355 0.144355 0.032203
3 0.318548 0.617982 0.135484 0.031063
