1 0.683266 0.535053 0.155242 0.029353
0 0.697177 0.307638 0.137903 0.026503
1 0.684879 0.498718 0.155242 0.029638
3 0.684274 0.345113 0.125000 0.030208
1 0.691129 0.158307 0.187097 0.033343
1 0.693145 0.195925 0.183871 0.034483
1 0.688508 0.231547 0.171371 0.031063
1 0.693145 0.271017 0.185484 0.043317
1 0.693750 0.382873 0.187500 0.031063
1 0.687702 0.422913 0.178629 0.034768
1 0.689919 0.459533 0.179032 0.037903
1 0.697984 0.569535 0.185484 0.034483
2 0.710887 0.611998 0.207258 0.038472
2 0.713508 0.647905 0.210887 0.031063
2 0.715927 0.684241 0.202823 0.034198
