1 0.883468 0.652782 0.133065 0.039943
0 0.880242 0.109130 0.116129 0.027104
2 0.880242 0.349643 0.133871 0.040799
0 0.880242 0.229815 0.108871 0.023110
1 0.884476 0.894294 0.134274 0.037375
0 0.883065 0.716120 0.116129 0.025107
2 0.880242 0.413267 0.133871 0.044793
0 0.880847 0.169615 0.114113 0.024251
0 0.879234 0.776605 0.119758 0.025107
2 0.880444 0.836234 0.133468 0.039943
3 0.876613 0.470328 0.142742 0.044793
0 0.880444 0.289872 0.108468 0.021113
3 0.877621 0.527247 0.146371 0.051926
2 0.879839 0.594722 0.141129 0.048217
