3 0.589315 0.484317 0.097984 0.039635
3 0.592339 0.191474 0.105645 0.039635
3 0.593347 0.237953 0.110081 0.040776
3 0.589919 0.585401 0.110484 0.041631
3 0.586895 0.434417 0.096371 0.039635
3 0.588105 0.387796 0.109274 0.039350
3 0.589113 0.813231 0.123387 0.043342
3 0.594355 0.339607 0.110484 0.045053
3 0.592742 0.537069 0.126613 0.048189
3 0.590726 0.630739 0.091129 0.037069
3 0.590323 0.291560 0.121774 0.045908
3 0.594355 0.770317 0.153226 0.029940
3 0.591734 0.725691 0.143145 0.037639
3 0.589315 0.678358 0.143952 0.050756
