0 0.704032 0.415930 0.145968 0.025933
3 0.716129 0.706897 0.183871 0.027643
0 0.710484 0.739099 0.150000 0.025363
0 0.704637 0.453691 0.155242 0.027928
0 0.697177 0.379453 0.137097 0.027643
1 0.694153 0.567826 0.167339 0.028783
0 0.704435 0.343973 0.139516 0.025648
2 0.704234 0.603876 0.187500 0.029638
1 0.681048 0.158165 0.166935 0.030208
2 0.696976 0.194785 0.210887 0.032203
1 0.695766 0.232402 0.196371 0.031063
1 0.693145 0.265175 0.179032 0.032203
1 0.703831 0.308492 0.177016 0.029923
1 0.698790 0.640353 0.180645 0.027928
1 0.706653 0.671559 0.193145 0.028783
1 0.715121 0.531633 0.189919 0.031063
1 0.704032 0.491166 0.175806 0.027643
