0 0.129988 0.684721 0.109230 0.024515
0 0.129585 0.468501 0.115679 0.024800
0 0.129383 0.641249 0.112052 0.023660
0 0.129585 0.557013 0.113261 0.024515
0 0.129786 0.727338 0.112858 0.022520
2 0.126763 0.514111 0.131802 0.028791
1 0.126763 0.275798 0.135832 0.032782
0 0.130189 0.597634 0.116082 0.023090
0 0.130189 0.374145 0.123337 0.022520
0 0.129585 0.771095 0.112455 0.021095
2 0.126360 0.420895 0.135832 0.031072
1 0.127166 0.323831 0.130996 0.030787
3 0.132809 0.856471 0.104393 0.031642
2 0.129786 0.231186 0.149940 0.030787
3 0.132205 0.811431 0.099154 0.027651
