0 0.701008 0.196780 0.130242 0.023083
0 0.708266 0.311485 0.131855 0.026218
0 0.704637 0.272015 0.130242 0.027643
0 0.702419 0.232972 0.150806 0.026503
2 0.700403 0.160445 0.208871 0.036478
3 0.685282 0.345683 0.156855 0.036478
3 0.686895 0.384013 0.155242 0.037903
3 0.683266 0.421203 0.153629 0.034198
3 0.685887 0.458963 0.164516 0.039042
3 0.685282 0.496580 0.150403 0.029923
2 0.698387 0.532630 0.167742 0.037618
2 0.691532 0.572670 0.141129 0.031063
2 0.704032 0.607581 0.175806 0.029068
2 0.693145 0.644201 0.142742 0.032203
2 0.693145 0.685238 0.166129 0.029923
