1 0.116129 0.773752 0.133871 0.037090
2 0.120766 0.108274 0.130242 0.041940
1 0.115524 0.652782 0.132661 0.039943
0 0.120766 0.716976 0.121371 0.027960
2 0.119758 0.533096 0.133871 0.043652
0 0.120766 0.472040 0.118145 0.021398
2 0.119153 0.170043 0.133468 0.046790
1 0.113911 0.410414 0.134274 0.039658
0 0.120766 0.595578 0.119758 0.026534
2 0.119556 0.891869 0.107661 0.055920
1 0.112298 0.351070 0.139919 0.040799
1 0.113508 0.290585 0.139113 0.043652
2 0.118548 0.830528 0.112097 0.054779
1 0.117137 0.231384 0.135887 0.045078
