3 0.523992 0.213145 0.096371 0.061306
3 0.530242 0.570288 0.135484 0.039350
3 0.535081 0.275307 0.140323 0.040776
0 0.527621 0.903764 0.094758 0.021956
0 0.535484 0.677360 0.108871 0.025948
0 0.536089 0.643855 0.110887 0.023952
2 0.527823 0.866695 0.121774 0.027659
2 0.531452 0.318934 0.122581 0.027089
0 0.532863 0.347448 0.102016 0.027659
0 0.539315 0.380240 0.103629 0.024237
3 0.526815 0.434417 0.108468 0.081266
1 0.536089 0.517109 0.081855 0.056744
2 0.531452 0.616196 0.125806 0.029655
3 0.525202 0.737525 0.103629 0.081266
1 0.525605 0.821928 0.087500 0.052181
