2 0.879839 0.108845 0.131452 0.041940
0 0.881452 0.837233 0.120968 0.028816
2 0.878831 0.351926 0.137500 0.044793
0 0.883468 0.655207 0.123387 0.030528
0 0.880242 0.776605 0.123387 0.029672
2 0.877419 0.291013 0.135484 0.043937
0 0.882460 0.716548 0.122177 0.029387
2 0.880242 0.230243 0.132258 0.043937
2 0.878024 0.169187 0.130242 0.044508
0 0.881855 0.593866 0.123387 0.030528
0 0.882460 0.533381 0.122177 0.025963
1 0.882863 0.470756 0.137500 0.041084
0 0.880242 0.895720 0.117742 0.024251
1 0.883065 0.409558 0.138710 0.044793
