3 0.539113 0.189906 0.175000 0.057599
3 0.523992 0.255204 0.097984 0.057599
2 0.526613 0.307956 0.142742 0.041061
2 0.533065 0.351583 0.137097 0.035928
3 0.533065 0.395352 0.147581 0.041346
3 0.528226 0.449530 0.144355 0.041346
2 0.529839 0.607072 0.109677 0.039920
2 0.530444 0.648703 0.102016 0.036498
3 0.525202 0.707870 0.128629 0.073282
1 0.527016 0.770317 0.114516 0.041346
1 0.526815 0.811948 0.097177 0.029940
2 0.511492 0.862846 0.105242 0.063302
2 0.539315 0.506701 0.103629 0.047904
2 0.531452 0.553892 0.084677 0.036213
