3 0.453024 0.494297 0.078629 0.081266
0 0.432863 0.754634 0.119758 0.024237
0 0.435685 0.830910 0.111694 0.025093
0 0.435887 0.863416 0.107258 0.023382
0 0.438508 0.671229 0.128629 0.029655
0 0.432056 0.187197 0.129435 0.025378
1 0.435484 0.896208 0.110484 0.025093
3 0.434879 0.254348 0.130242 0.099230
1 0.437903 0.343599 0.092742 0.061021
0 0.431452 0.393071 0.114516 0.021956
0 0.429637 0.423581 0.121371 0.023667
1 0.434879 0.788851 0.128629 0.035643
1 0.440927 0.714856 0.125403 0.033647
1 0.435887 0.634588 0.139516 0.035643
1 0.453629 0.574423 0.073387 0.054463
