1 0.867392 0.729761 0.129786 0.035348
2 0.872834 0.582241 0.135026 0.033352
1 0.867392 0.377993 0.139460 0.032497
3 0.867795 0.323404 0.145909 0.035063
1 0.867997 0.777936 0.126965 0.030787
1 0.867594 0.266676 0.131802 0.031072
2 0.873237 0.482184 0.137445 0.033352
2 0.871826 0.432583 0.140266 0.031072
2 0.873640 0.632412 0.133414 0.033352
0 0.869206 0.223489 0.126965 0.022235
0 0.870012 0.826254 0.120516 0.022520
2 0.870012 0.873290 0.144700 0.030502
1 0.873237 0.529932 0.137445 0.037628
2 0.873640 0.681015 0.133414 0.033067
