3 0.532460 0.743656 0.136694 0.061591
3 0.530444 0.473482 0.150403 0.041346
3 0.534073 0.407756 0.131048 0.059310
3 0.530242 0.526376 0.160484 0.047904
3 0.529234 0.808241 0.155242 0.039065
3 0.533871 0.251212 0.142742 0.037639
3 0.530242 0.206017 0.142742 0.036213
0 0.537702 0.690904 0.107661 0.023952
0 0.533065 0.323068 0.111290 0.021671
0 0.532863 0.356573 0.112500 0.024237
0 0.527621 0.878244 0.103629 0.023952
0 0.522984 0.848161 0.116129 0.021956
2 0.529637 0.294554 0.121371 0.022241
0 0.527823 0.657827 0.112097 0.023952
1 0.531855 0.572284 0.125000 0.033647
1 0.536492 0.617194 0.114113 0.043627
