3 0.530444 0.425577 0.097984 0.063587
0 0.531452 0.829912 0.100806 0.027089
0 0.529234 0.377531 0.103629 0.022812
0 0.532460 0.553322 0.106855 0.023667
0 0.529234 0.345595 0.108468 0.023382
0 0.527621 0.794839 0.103629 0.023667
0 0.532863 0.693470 0.119758 0.023952
0 0.526815 0.770887 0.103629 0.032221
1 0.533871 0.728115 0.116129 0.031651
1 0.532863 0.658112 0.121371 0.039350
1 0.526613 0.585971 0.117742 0.037639
1 0.532863 0.489450 0.131855 0.035643
1 0.526613 0.310237 0.110484 0.027944
1 0.529234 0.238666 0.121371 0.037639
2 0.531452 0.198888 0.125806 0.035643
0 0.520363 0.276875 0.121371 0.027944
0 0.529839 0.522812 0.122581 0.026518
0 0.523790 0.626034 0.108871 0.028800
