3 0.750403 0.303989 0.162097 0.046154
3 0.746774 0.723932 0.170968 0.054131
3 0.746774 0.664103 0.170968 0.057550
3 0.745161 0.846724 0.153226 0.063818
3 0.746774 0.601140 0.162903 0.059259
3 0.748790 0.426781 0.160484 0.052422
3 0.748790 0.783761 0.171774 0.052991
2 0.747177 0.352707 0.165323 0.037607
0 0.745161 0.893162 0.154839 0.015385
0 0.745161 0.535328 0.151613 0.016524
0 0.747177 0.557835 0.158871 0.012536
0 0.745161 0.466667 0.159677 0.015954
0 0.745161 0.384900 0.166129 0.015385
2 0.746774 0.935897 0.164516 0.047293
2 0.746774 0.247009 0.162903 0.058689
2 0.748387 0.192593 0.164516 0.035328
2 0.747177 0.149858 0.158871 0.039886
2 0.746774 0.100570 0.161290 0.051852
