3 0.114113 0.708845 0.142742 0.056205
3 0.116935 0.830100 0.141129 0.055635
1 0.117137 0.652924 0.135887 0.039087
0 0.120766 0.472183 0.118145 0.022825
3 0.112903 0.344508 0.143548 0.053923
0 0.121774 0.230243 0.116129 0.025678
0 0.119758 0.776748 0.121774 0.025392
3 0.116331 0.404993 0.139113 0.052782
0 0.116935 0.896862 0.116129 0.022539
3 0.113306 0.525963 0.145968 0.056776
0 0.120766 0.290157 0.112500 0.022254
0 0.121371 0.170471 0.119355 0.024251
0 0.119960 0.595150 0.121371 0.025678
3 0.119758 0.102282 0.137903 0.056776
