3 0.754435 0.921368 0.149194 0.058120
3 0.755645 0.595442 0.132258 0.059259
2 0.754032 0.503989 0.151613 0.026781
1 0.754032 0.243875 0.146774 0.019373
0 0.754435 0.418519 0.144355 0.016524
2 0.755645 0.835328 0.162903 0.022792
3 0.754032 0.869516 0.162903 0.033048
3 0.756048 0.795726 0.142742 0.049573
1 0.755645 0.758405 0.148387 0.020513
1 0.754032 0.732479 0.146774 0.023362
1 0.754032 0.707123 0.146774 0.018234
0 0.755645 0.686610 0.145161 0.014815
1 0.755645 0.666952 0.145161 0.015385
1 0.754032 0.641026 0.151613 0.018234
1 0.757661 0.552422 0.147581 0.015385
0 0.756048 0.529915 0.141129 0.012536
0 0.754435 0.480912 0.141129 0.012536
0 0.754032 0.460684 0.138710 0.013105
1 0.757661 0.441026 0.155645 0.019373
0 0.757661 0.401140 0.141129 0.015954
0 0.755645 0.381197 0.138710 0.011396
0 0.755645 0.360684 0.135484 0.013675
0 0.754032 0.341026 0.137097 0.011966
1 0.754435 0.318519 0.147581 0.021652
1 0.754032 0.289744 0.143548 0.025641
0 0.756048 0.264387 0.141129 0.012536
0 0.754032 0.218234 0.138710 0.011396
0 0.752419 0.198006 0.130645 0.011966
0 0.755645 0.180627 0.138710 0.013675
0 0.754032 0.160969 0.135484 0.011966
0 0.754032 0.072365 0.140323 0.012536
0 0.754032 0.140741 0.138710 0.010256
1 0.754032 0.095157 0.146774 0.015954
1 0.754435 0.120798 0.152419 0.019373
