3 0.555242 0.618192 0.167742 0.045623
3 0.559073 0.398916 0.127823 0.037639
3 0.560484 0.250642 0.150000 0.039920
3 0.555040 0.202025 0.155242 0.037354
3 0.542742 0.473624 0.101613 0.091246
0 0.556855 0.294839 0.129839 0.025663
0 0.553226 0.662390 0.131452 0.023382
0 0.555444 0.326490 0.128629 0.025663
0 0.551815 0.694326 0.128629 0.024522
0 0.548992 0.729256 0.131855 0.027659
0 0.555847 0.361848 0.132661 0.025093
3 0.545968 0.794269 0.098387 0.092672
1 0.558266 0.557314 0.097984 0.067009
1 0.551613 0.882236 0.101613 0.062161
