2 0.174020 0.760907 0.138889 0.030425
0 0.160539 0.282147 0.108660 0.022388
2 0.166258 0.615098 0.136438 0.026980
0 0.169118 0.692882 0.109477 0.024110
3 0.175654 0.538175 0.109477 0.032721
1 0.157680 0.092997 0.133987 0.026406
2 0.164624 0.576923 0.142974 0.024110
0 0.166258 0.803100 0.116830 0.021814
2 0.169935 0.423651 0.140523 0.032147
2 0.162990 0.313433 0.139706 0.029851
1 0.165850 0.468140 0.111111 0.023536
2 0.170752 0.726177 0.147059 0.025258
2 0.168301 0.651263 0.148693 0.023536
2 0.169935 0.383467 0.138889 0.034443
2 0.167484 0.350172 0.150327 0.029851
2 0.166667 0.239954 0.145425 0.029851
2 0.158088 0.129449 0.159314 0.031573
2 0.163399 0.164753 0.142157 0.025258
2 0.167484 0.204937 0.153595 0.029851
0 0.175654 0.509185 0.130719 0.024110
