3 0.165441 0.163605 0.133170 0.030999
0 0.165850 0.500574 0.111111 0.021814
0 0.163807 0.464122 0.110294 0.021240
3 0.167075 0.422790 0.139706 0.029277
2 0.164624 0.607061 0.141340 0.029277
3 0.165441 0.349311 0.136438 0.029277
2 0.167892 0.422790 0.139706 0.029277
2 0.168709 0.533582 0.136438 0.024684
2 0.168301 0.571757 0.135621 0.026406
2 0.166258 0.349311 0.138072 0.029277
2 0.164216 0.645235 0.150327 0.029851
2 0.167484 0.239093 0.143791 0.030425
2 0.164216 0.274971 0.147059 0.030999
2 0.161356 0.314007 0.152778 0.028703
2 0.165850 0.127153 0.153595 0.025832
0 0.174020 0.093571 0.137255 0.029851
0 0.168301 0.208668 0.138889 0.026980
