3 0.878226 0.164005 0.127419 0.051911
0 0.880242 0.351398 0.110484 0.022818
0 0.879839 0.473189 0.116129 0.025670
2 0.880242 0.225043 0.107258 0.058756
0 0.881855 0.292071 0.113710 0.022818
0 0.878226 0.533942 0.116129 0.023959
0 0.879839 0.109812 0.112903 0.022248
3 0.880242 0.407587 0.125000 0.040502
3 0.879839 0.589846 0.130645 0.058186
2 0.883065 0.650314 0.116129 0.058186
2 0.879839 0.711067 0.112903 0.062179
2 0.883871 0.769538 0.122581 0.058186
2 0.876210 0.828580 0.112097 0.058756
2 0.876210 0.893041 0.107258 0.056475
