0 0.881855 0.473189 0.123387 0.029093
0 0.883468 0.655163 0.121774 0.029093
0 0.883065 0.533657 0.122581 0.029093
0 0.883065 0.593554 0.122581 0.030234
1 0.883871 0.169139 0.133871 0.039361
0 0.881855 0.716201 0.120161 0.029093
0 0.881452 0.413577 0.117742 0.027382
0 0.881855 0.352539 0.112097 0.023959
0 0.883468 0.109812 0.113710 0.024529
0 0.879839 0.837707 0.114516 0.024529
0 0.881452 0.776954 0.117742 0.027382
2 0.883468 0.899030 0.136290 0.044495
1 0.883468 0.231888 0.139516 0.029093
2 0.877419 0.290930 0.148387 0.046777
