0 0.347301 0.635405 0.145044 0.016534
1 0.351732 0.668187 0.157131 0.018244
0 0.347301 0.281642 0.145044 0.018244
3 0.346898 0.240023 0.157131 0.030787
2 0.350524 0.562429 0.164384 0.021095
2 0.350927 0.526226 0.163578 0.021665
1 0.352538 0.313854 0.157131 0.018814
0 0.346898 0.704105 0.141015 0.013683
2 0.350121 0.597777 0.163578 0.021095
2 0.350927 0.349487 0.163578 0.022805
1 0.348912 0.385120 0.169218 0.026796
1 0.350927 0.490593 0.170024 0.031357
3 0.350927 0.454390 0.176471 0.031927
3 0.351330 0.416192 0.175665 0.030787
