3 0.834559 0.163605 0.133170 0.030999
0 0.834150 0.500574 0.111111 0.021814
0 0.836193 0.464122 0.110294 0.021240
3 0.832925 0.422790 0.139706 0.029277
2 0.835376 0.607061 0.141340 0.029277
3 0.834559 0.349311 0.136438 0.029277
2 0.832108 0.422790 0.139706 0.029277
2 0.831291 0.533582 0.136438 0.024684
2 0.831699 0.571757 0.135621 0.026406
2 0.833742 0.349311 0.138072 0.029277
2 0.835784 0.645235 0.150327 0.029851
2 0.832516 0.239093 0.143791 0.030425
2 0.835784 0.274971 0.147059 0.030999
2 0.838644 0.314007 0.152778 0.028703
2 0.834150 0.127153 0.153595 0.025832
0 0.825980 0.093571 0.137255 0.029851
0 0.831699 0.208668 0.138889 0.026980
